# Migration is number of nodes that have changed color.

Round		Edge-Cut		Swaps		Migrations		Skipped
0		8904		0		3001
1		8313		0		3014
2		7823		0		3106
3		7424		0		3080
4		7168		0		3123
5		6901		0		3178
6		6698		0		3201
7		6600		0		3199
8		6480		0		3194
9		6314		0		3229
10		6209		0		3229
11		6076		0		3205
12		5995		0		3209
13		5889		0		3158
14		5815		0		3222
15		5778		0		3230
16		5701		0		3214
17		5595		0		3246
18		5524		0		3200
19		5472		0		3240
20		5394		0		3266
21		5386		0		3240
22		5206		0		3244
23		5227		0		3282
24		5208		0		3257
25		5152		0		3239
26		5110		0		3256
27		5066		0		3248
28		4970		0		3249
29		4980		0		3243
30		4936		0		3267
31		4894		0		3235
32		4791		0		3245
33		4786		0		3254
34		4838		0		3260
35		4795		0		3250
36		4758		0		3279
37		4741		0		3253
38		4740		0		3249
39		4690		0		3254
40		4684		0		3244
41		4673		0		3260
42		4616		0		3252
43		4585		0		3246
44		4624		0		3251
45		4611		0		3255
46		4625		0		3247
47		4576		0		3247
48		4482		0		3260
49		4512		0		3251
50		4532		0		3266
51		4537		0		3245
52		4468		0		3245
53		4489		0		3263
54		4447		0		3273
55		4506		0		3289
56		4446		0		3290
57		4473		0		3286
58		4438		0		3262
59		4370		0		3262
60		4423		0		3257
61		4313		0		3272
62		4320		0		3278
63		4326		0		3269
64		4303		0		3258
65		4370		0		3270
66		4369		0		3252
67		4247		0		3261
68		4243		0		3233
69		4248		0		3219
70		4224		0		3250
71		4277		0		3226
72		4246		0		3256
73		4237		0		3238
74		4289		0		3246
75		4207		0		3256
76		4217		0		3295
77		4195		0		3288
78		4227		0		3258
79		4183		0		3256
80		4167		0		3281
81		4181		0		3267
82		4137		0		3281
83		4165		0		3292
84		4136		0		3307
85		4120		0		3295
86		4128		0		3283
87		4121		0		3296
88		4148		0		3274
89		4116		0		3273
90		4068		0		3271
91		4004		0		3264
92		4019		0		3298
93		4017		0		3301
94		3998		0		3280
95		4037		0		3268
96		4031		0		3283
97		4063		0		3291
98		3997		0		3288
99		4008		0		3283
100		4008		0		3284
101		3995		0		3278
102		3965		0		3285
103		4000		0		3320
104		4061		0		3315
105		3991		0		3313
106		4013		0		3329
107		3971		0		3305
108		3982		0		3302
109		3900		0		3304
110		3910		0		3296
111		3872		0		3294
112		3841		0		3277
113		3822		0		3288
114		3803		0		3324
115		3807		0		3316
116		3818		0		3298
117		3832		0		3304
118		3834		0		3316
119		3780		0		3304
120		3799		0		3328
121		3776		0		3309
122		3799		0		3298
123		3776		0		3309
124		3802		0		3328
125		3804		0		3317
126		3805		0		3344
127		3740		0		3328
128		3781		0		3322
129		3759		0		3319
130		3780		0		3326
131		3721		0		3328
132		3698		0		3313
133		3706		0		3321
134		3713		0		3317
135		3693		0		3302
136		3725		0		3312
137		3727		0		3336
138		3721		0		3320
139		3713		0		3318
140		3720		0		3325
141		3712		0		3309
142		3699		0		3302
143		3682		0		3324
144		3666		0		3319
145		3651		0		3321
146		3651		0		3325
147		3657		0		3314
148		3670		0		3330
149		3592		0		3321
150		3600		0		3320
151		3619		0		3324
152		3598		0		3327
153		3591		0		3338
154		3545		0		3334
155		3575		0		3336
156		3568		0		3331
157		3577		0		3329
158		3581		0		3322
159		3572		0		3322
160		3584		0		3326
161		3545		0		3322
162		3594		0		3337
163		3583		0		3292
164		3545		0		3310
165		3530		0		3314
166		3521		0		3324
167		3532		0		3320
168		3506		0		3319
169		3498		0		3337
170		3479		0		3334
171		3502		0		3349
172		3524		0		3359
173		3525		0		3338
174		3501		0		3323
175		3496		0		3336
176		3512		0		3349
177		3487		0		3352
178		3496		0		3356
179		3439		0		3329
180		3448		0		3340
181		3431		0		3334
182		3446		0		3320
183		3435		0		3345
184		3480		0		3344
185		3446		0		3347
186		3459		0		3352
187		3492		0		3340
188		3455		0		3349
189		3413		0		3349
190		3430		0		3335
191		3426		0		3354
192		3387		0		3355
193		3382		0		3335
194		3422		0		3358
195		3413		0		3339
196		3439		0		3335
197		3404		0		3348
198		3384		0		3349
199		3411		0		3339
200		3428		0		3353
201		3409		0		3349
202		3402		0		3357
203		3406		0		3362
204		3426		0		3350
205		3462		0		3347
206		3428		0		3352
207		3420		0		3353
208		3406		0		3334
209		3382		0		3335
210		3359		0		3337
211		3371		0		3331
212		3364		0		3311
213		3338		0		3327
214		3311		0		3321
215		3316		0		3331
216		3321		0		3327
217		3304		0		3347
218		3298		0		3349
219		3316		0		3348
220		3290		0		3334
221		3278		0		3342
222		3292		0		3338
223		3310		0		3327
224		3305		0		3348
225		3298		0		3356
226		3303		0		3357
227		3290		0		3357
228		3325		0		3335
229		3282		0		3350
230		3290		0		3360
231		3270		0		3331
232		3253		0		3343
233		3247		0		3343
234		3208		0		3344
235		3197		0		3342
236		3197		0		3330
237		3198		0		3350
238		3178		0		3346
239		3185		0		3336
240		3212		0		3345
241		3211		0		3345
242		3206		0		3327
243		3214		0		3336
244		3198		0		3325
245		3208		0		3331
246		3216		0		3322
247		3204		0		3330
248		3229		0		3321
249		3190		0		3336
250		3183		0		3341
251		3187		0		3327
252		3184		0		3340
253		3184		0		3319
254		3186		0		3335
255		3186		0		3320
256		3182		0		3325
257		3223		0		3336
258		3201		0		3319
259		3202		0		3323
260		3158		0		3333
261		3180		0		3321
262		3184		0		3321
263		3176		0		3331
264		3173		0		3335
265		3182		0		3320
266		3167		0		3331
267		3200		0		3322
268		3203		0		3328
269		3198		0		3323
270		3177		0		3332
271		3182		0		3327
272		3176		0		3321
273		3161		0		3315
274		3184		0		3332
275		3203		0		3330
276		3200		0		3322
277		3194		0		3310
278		3193		0		3325
279		3156		0		3334
280		3156		0		3337
281		3176		0		3331
282		3172		0		3328
283		3154		0		3327
284		3140		0		3327
285		3122		0		3326
286		3102		0		3329
287		3118		0		3320
288		3123		0		3318
289		3126		0		3324
290		3132		0		3323
291		3142		0		3333
292		3148		0		3326
293		3132		0		3328
294		3140		0		3332
295		3122		0		3340
296		3134		0		3339
297		3130		0		3325
298		3128		0		3323
299		3100		0		3324
300		3135		0		3327
301		3118		0		3316
302		3107		0		3315
303		3105		0		3328
304		3093		0		3326
305		3116		0		3317
306		3109		0		3321
307		3120		0		3319
308		3117		0		3315
309		3098		0		3318
310		3113		0		3315
311		3114		0		3305
312		3128		0		3306
313		3130		0		3304
314		3115		0		3307
315		3107		0		3315
316		3127		0		3328
317		3127		0		3312
318		3120		0		3329
319		3102		0		3319
320		3090		0		3322
321		3102		0		3318
322		3095		0		3322
323		3089		0		3330
324		3078		0		3332
325		3095		0		3325
326		3119		0		3326
327		3117		0		3329
328		3090		0		3319
329		3097		0		3310
330		3105		0		3314
331		3091		0		3330
332		3101		0		3314
333		3088		0		3316
334		3070		0		3310
335		3054		0		3316
336		3052		0		3314
337		3002		0		3325
338		2981		0		3317
339		2966		0		3313
340		2945		0		3309
341		2923		0		3316
342		2897		0		3325
343		2882		0		3322
344		2856		0		3325
345		2865		0		3332
346		2868		0		3325
347		2854		0		3323
348		2845		0		3319
349		2826		0		3311
350		2808		0		3312
351		2800		0		3311
352		2790		0		3322
353		2767		0		3316
354		2762		0		3317
355		2762		0		3311
356		2762		0		3317
357		2755		0		3319
358		2747		0		3314
359		2733		0		3317
360		2720		0		3316
361		2712		0		3314
362		2710		0		3316
363		2708		0		3323
364		2711		0		3323
365		2710		0		3319
366		2707		0		3317
367		2710		0		3322
368		2701		0		3323
369		2686		0		3321
370		2673		0		3319
371		2676		0		3327
372		2675		0		3320
373		2670		0		3324
374		2664		0		3319
375		2665		0		3314
376		2660		0		3316
377		2650		0		3316
378		2649		0		3320
379		2645		0		3318
380		2646		0		3319
381		2647		0		3319
382		2649		0		3318
383		2649		0		3319
384		2654		0		3316
385		2657		0		3324
386		2652		0		3322
387		2650		0		3320
388		2648		0		3321
389		2646		0		3319
390		2647		0		3321
391		2642		0		3325
392		2648		0		3328
393		2645		0		3324
394		2644		0		3327
395		2640		0		3325
396		2644		0		3326
397		2640		0		3325
398		2640		0		3324
399		2639		0		3328
400		2638		0		3328
401		2640		0		3328
402		2638		0		3329
403		2638		0		3327
404		2643		0		3331
405		2645		0		3330
406		2642		0		3331
407		2634		0		3328
408		2634		0		3329
409		2635		0		3327
410		2637		0		3326
411		2634		0		3330
412		2633		0		3327
413		2632		0		3328
414		2634		0		3328
415		2632		0		3328
416		2632		0		3328
417		2635		0		3328
418		2634		0		3326
419		2632		0		3326
420		2633		0		3325
421		2631		0		3325
422		2631		0		3327
423		2635		0		3325
424		2633		0		3326
425		2628		0		3324
426		2628		0		3326
427		2627		0		3326
428		2622		0		3325
429		2622		0		3324
430		2620		0		3326
431		2620		0		3324
432		2621		0		3325
433		2618		0		3325
434		2617		0		3326
435		2618		0		3326
436		2620		0		3325
437		2617		0		3325
438		2620		0		3327
439		2620		0		3327
440		2621		0		3327
441		2617		0		3327
442		2615		0		3329
443		2613		0		3329
444		2613		0		3329
445		2611		0		3331
446		2611		0		3331
447		2609		0		3332
448		2612		0		3329
449		2612		0		3329
450		2610		0		3327
451		2610		0		3327
452		2610		0		3327
453		2609		0		3329
454		2612		0		3329
455		2613		0		3328
456		2613		0		3327
457		2612		0		3329
458		2611		0		3327
459		2609		0		3327
460		2607		0		3327
461		2607		0		3327
462		2607		0		3327
463		2605		0		3329
464		2605		0		3329
465		2605		0		3329
466		2605		0		3329
467		2605		0		3329
468		2606		0		3329
469		2606		0		3329
470		2606		0		3329
471		2606		0		3329
472		2604		0		3328
473		2604		0		3328
474		2604		0		3328
475		2604		0		3328
476		2604		0		3328
477		2604		0		3328
478		2604		0		3328
479		2604		0		3328
480		2604		0		3328
481		2604		0		3328
482		2604		0		3328
483		2604		0		3328
484		2604		0		3328
485		2604		0		3328
486		2604		0		3328
487		2604		0		3328
488		2604		0		3328
489		2604		0		3328
490		2604		0		3328
491		2604		0		3328
492		2604		0		3328
493		2604		0		3328
494		2604		0		3328
495		2604		0		3328
496		2604		0		3328
497		2604		0		3328
498		2604		0		3328
499		2604		0		3328
500		2604		0		3328
501		2671		0		3319
502		2697		0		3329
503		2711		0		3327
504		2729		0		3330
505		2738		0		3333
506		2806		0		3353
507		2786		0		3336
508		2793		0		3339
509		2819		0		3342
510		2831		0		3347
511		2856		0		3347
512		2875		0		3352
513		2898		0		3364
514		2910		0		3348
515		2898		0		3345
516		2903		0		3352
517		2897		0		3356
518		2901		0		3345
519		2907		0		3344
520		2895		0		3352
521		2914		0		3362
522		2943		0		3341
523		2915		0		3354
524		2933		0		3348
525		2951		0		3346
526		2939		0		3353
527		2911		0		3356
528		2932		0		3348
529		2903		0		3326
530		2907		0		3325
531		2897		0		3333
532		2885		0		3329
533		2938		0		3340
534		2922		0		3332
535		2948		0		3341
536		2942		0		3328
537		2906		0		3330
538		2938		0		3341
539		2913		0		3360
540		2938		0		3348
541		2927		0		3346
542		2910		0		3333
543		2954		0		3332
544		2961		0		3335
545		2977		0		3340
546		2948		0		3326
547		2951		0		3331
548		2917		0		3326
549		2948		0		3355
550		2933		0		3353
551		2933		0		3324
552		2925		0		3343
553		2892		0		3334
554		2890		0		3331
555		2923		0		3338
556		2911		0		3333
557		2875		0		3334
558		2901		0		3326
559		2898		0		3324
560		2907		0		3330
561		2969		0		3353
562		2976		0		3333
563		2980		0		3334
564		2924		0		3332
565		2936		0		3341
566		2931		0		3330
567		2956		0		3348
568		2947		0		3338
569		2955		0		3338
570		2936		0		3327
571		2918		0		3339
572		2919		0		3341
573		2910		0		3312
574		2906		0		3329
575		2929		0		3304
576		2922		0		3299
577		2943		0		3321
578		2925		0		3314
579		2949		0		3336
580		2899		0		3317
581		2941		0		3316
582		2939		0		3299
583		2990		0		3314
584		2954		0		3332
585		2963		0		3332
586		2949		0		3334
587		2927		0		3341
588		2933		0		3340
589		2921		0		3336
590		2904		0		3336
591		2963		0		3349
592		2887		0		3353
593		2909		0		3347
594		2891		0		3359
595		2892		0		3368
596		2845		0		3366
597		2895		0		3356
598		2872		0		3350
599		2856		0		3352
600		2819		0		3346
601		2824		0		3345
602		2860		0		3335
603		2862		0		3330
604		2857		0		3331
605		2835		0		3328
606		2885		0		3333
607		2833		0		3336
608		2835		0		3325
609		2831		0		3320
610		2842		0		3317
611		2836		0		3328
612		2846		0		3318
613		2835		0		3327
614		2823		0		3321
615		2847		0		3332
616		2851		0		3347
617		2852		0		3344
618		2872		0		3331
619		2860		0		3338
620		2846		0		3348
621		2855		0		3323
622		2869		0		3351
623		2862		0		3330
624		2875		0		3356
625		2887		0		3353
626		2873		0		3378
627		2839		0		3349
628		2844		0		3354
629		2828		0		3361
630		2856		0		3367
631		2842		0		3355
632		2843		0		3355
633		2811		0		3359
634		2833		0		3359
635		2844		0		3358
636		2845		0		3356
637		2872		0		3357
638		2847		0		3368
639		2829		0		3367
640		2841		0		3353
641		2799		0		3367
642		2801		0		3367
643		2796		0		3360
644		2812		0		3361
645		2814		0		3357
646		2817		0		3370
647		2840		0		3356
648		2804		0		3354
649		2823		0		3359
650		2812		0		3355
651		2789		0		3352
652		2789		0		3353
653		2807		0		3355
654		2798		0		3358
655		2798		0		3340
656		2813		0		3353
657		2826		0		3345
658		2836		0		3347
659		2823		0		3349
660		2825		0		3356
661		2812		0		3367
662		2794		0		3372
663		2823		0		3378
664		2838		0		3369
665		2859		0		3364
666		2818		0		3364
667		2849		0		3356
668		2847		0		3364
669		2815		0		3376
670		2806		0		3375
671		2828		0		3357
672		2825		0		3362
673		2839		0		3340
674		2842		0		3355
675		2841		0		3347
676		2834		0		3354
677		2834		0		3364
678		2810		0		3362
679		2803		0		3363
680		2773		0		3363
681		2783		0		3376
682		2784		0		3356
683		2787		0		3365
684		2842		0		3349
685		2827		0		3370
686		2818		0		3365
687		2800		0		3364
688		2810		0		3358
689		2832		0		3350
690		2795		0		3350
691		2805		0		3365
692		2815		0		3360
693		2784		0		3350
694		2779		0		3356
695		2776		0		3374
696		2800		0		3367
697		2779		0		3360
698		2786		0		3360
699		2745		0		3368
700		2771		0		3382
701		2787		0		3377
702		2775		0		3370
703		2730		0		3361
704		2740		0		3364
705		2710		0		3358
706		2730		0		3359
707		2700		0		3367
708		2699		0		3357
709		2682		0		3365
710		2688		0		3342
711		2676		0		3350
712		2689		0		3360
713		2712		0		3346
714		2703		0		3345
715		2704		0		3354
716		2675		0		3347
717		2694		0		3366
718		2695		0		3366
719		2688		0		3372
720		2706		0		3379
721		2681		0		3364
722		2697		0		3377
723		2709		0		3367
724		2690		0		3370
725		2711		0		3369
726		2695		0		3371
727		2709		0		3369
728		2719		0		3374
729		2697		0		3371
730		2723		0		3390
731		2742		0		3371
732		2754		0		3359
733		2740		0		3376
734		2715		0		3376
735		2700		0		3376
736		2707		0		3389
737		2693		0		3388
738		2696		0		3386
739		2697		0		3384
740		2672		0		3374
741		2671		0		3362
742		2685		0		3379
743		2665		0		3375
744		2676		0		3364
745		2682		0		3359
746		2704		0		3362
747		2673		0		3352
748		2693		0		3366
749		2688		0		3354
750		2678		0		3351
751		2684		0		3366
752		2678		0		3351
753		2652		0		3361
754		2643		0		3356
755		2666		0		3363
756		2696		0		3357
757		2682		0		3354
758		2677		0		3349
759		2675		0		3359
760		2664		0		3380
761		2667		0		3358
762		2659		0		3364
763		2688		0		3358
764		2673		0		3357
765		2683		0		3357
766		2692		0		3375
767		2683		0		3371
768		2660		0		3349
769		2656		0		3367
770		2687		0		3365
771		2664		0		3373
772		2668		0		3369
773		2655		0		3378
774		2657		0		3354
775		2659		0		3349
776		2661		0		3349
777		2669		0		3354
778		2647		0		3368
779		2654		0		3357
780		2652		0		3350
781		2654		0		3362
782		2656		0		3356
783		2654		0		3357
784		2659		0		3362
785		2651		0		3360
786		2648		0		3363
787		2643		0		3352
788		2658		0		3358
789		2648		0		3343
790		2644		0		3354
791		2649		0		3357
792		2655		0		3364
793		2645		0		3349
794		2644		0		3354
795		2631		0		3355
796		2618		0		3340
797		2640		0		3343
798		2641		0		3350
799		2637		0		3359
800		2625		0		3348
801		2629		0		3347
802		2608		0		3347
803		2616		0		3345
804		2609		0		3350
805		2601		0		3347
806		2629		0		3353
807		2630		0		3360
808		2639		0		3359
809		2627		0		3347
810		2621		0		3355
811		2618		0		3360
812		2605		0		3351
813		2605		0		3353
814		2613		0		3363
815		2603		0		3359
816		2612		0		3362
817		2612		0		3357
818		2611		0		3364
819		2602		0		3371
820		2597		0		3374
821		2586		0		3360
822		2593		0		3369
823		2585		0		3360
824		2582		0		3352
825		2584		0		3364
826		2604		0		3374
827		2606		0		3364
828		2590		0		3379
829		2580		0		3377
830		2592		0		3378
831		2581		0		3366
832		2592		0		3353
833		2593		0		3366
834		2607		0		3356
835		2597		0		3373
836		2572		0		3365
837		2538		0		3377
838		2522		0		3387
839		2511		0		3381
840		2497		0		3385
841		2484		0		3381
842		2474		0		3383
843		2467		0		3371
844		2448		0		3374
845		2429		0		3375
846		2418		0		3380
847		2411		0		3375
848		2410		0		3376
849		2404		0		3378
850		2403		0		3372
851		2391		0		3367
852		2397		0		3369
853		2395		0		3375
854		2382		0		3381
855		2373		0		3381
856		2370		0		3381
857		2366		0		3377
858		2366		0		3384
859		2357		0		3384
860		2341		0		3377
861		2343		0		3380
862		2336		0		3376
863		2332		0		3373
864		2329		0		3374
865		2322		0		3375
866		2318		0		3376
867		2310		0		3374
868		2314		0		3375
869		2321		0		3380
870		2309		0		3375
871		2314		0		3376
872		2311		0		3378
873		2314		0		3376
874		2302		0		3374
875		2300		0		3371
876		2306		0		3374
877		2302		0		3376
878		2301		0		3377
879		2295		0		3372
880		2298		0		3373
881		2295		0		3376
882		2291		0		3376
883		2291		0		3378
884		2292		0		3376
885		2290		0		3376
886		2283		0		3376
887		2281		0		3376
888		2278		0		3376
889		2277		0		3376
890		2278		0		3376
891		2278		0		3376
892		2277		0		3376
893		2277		0		3376
894		2277		0		3376
895		2277		0		3376
896		2276		0		3377
897		2276		0		3377
898		2276		0		3377
899		2276		0		3377
900		2276		0		3377
901		2276		0		3377
902		2276		0		3377
903		2276		0		3377
904		2276		0		3377
905		2276		0		3377
906		2276		0		3377
907		2276		0		3377
908		2276		0		3377
909		2276		0		3377
910		2276		0		3377
911		2276		0		3377
912		2276		0		3377
913		2276		0		3377
914		2276		0		3377
915		2276		0		3377
916		2276		0		3377
917		2276		0		3377
918		2276		0		3377
919		2276		0		3377
920		2276		0		3377
921		2276		0		3377
922		2276		0		3377
923		2276		0		3377
924		2276		0		3377
925		2276		0		3377
926		2276		0		3377
927		2276		0		3377
928		2276		0		3377
929		2276		0		3377
930		2276		0		3377
931		2276		0		3377
932		2276		0		3377
933		2276		0		3377
934		2276		0		3377
935		2276		0		3377
936		2276		0		3377
937		2276		0		3377
938		2276		0		3377
939		2276		0		3377
940		2276		0		3377
941		2276		0		3377
942		2276		0		3377
943		2276		0		3377
944		2276		0		3377
945		2276		0		3377
946		2276		0		3377
947		2276		0		3377
948		2276		0		3377
949		2276		0		3377
950		2276		0		3377
951		2276		0		3377
952		2276		0		3377
953		2276		0		3377
954		2276		0		3377
955		2276		0		3377
956		2276		0		3377
957		2276		0		3377
958		2276		0		3377
959		2276		0		3377
960		2276		0		3377
961		2276		0		3377
962		2276		0		3377
963		2276		0		3377
964		2276		0		3377
965		2276		0		3377
966		2276		0		3377
967		2276		0		3377
968		2276		0		3377
969		2276		0		3377
970		2276		0		3377
971		2276		0		3377
972		2276		0		3377
973		2276		0		3377
974		2276		0		3377
975		2276		0		3377
976		2276		0		3377
977		2276		0		3377
978		2276		0		3377
979		2276		0		3377
980		2276		0		3377
981		2276		0		3377
982		2276		0		3377
983		2276		0		3377
984		2276		0		3377
985		2276		0		3377
986		2276		0		3377
987		2276		0		3377
988		2276		0		3377
989		2276		0		3377
990		2276		0		3377
991		2276		0		3377
992		2276		0		3377
993		2276		0		3377
994		2276		0		3377
995		2276		0		3377
996		2276		0		3377
997		2276		0		3377
998		2276		0		3377
999		2276		0		3377
