# Migration is number of nodes that have changed color.

Round		Edge-Cut		Swaps		Migrations		Skipped
0		8190		0		3058
1		7524		0		3073
2		7025		0		3076
3		6639		0		3092
4		6453		0		3093
5		6251		0		3122
6		6086		0		3147
7		5937		0		3160
8		5791		0		3154
9		5685		0		3147
10		5540		0		3109
11		5405		0		3122
12		5287		0		3112
13		5231		0		3123
14		5190		0		3134
15		5155		0		3084
16		5130		0		3108
17		5057		0		3155
18		4918		0		3150
19		4839		0		3171
20		4779		0		3171
21		4735		0		3156
22		4701		0		3172
23		4685		0		3157
24		4687		0		3149
25		4636		0		3180
26		4576		0		3170
27		4581		0		3147
28		4523		0		3165
29		4495		0		3154
30		4447		0		3154
31		4426		0		3156
32		4402		0		3150
33		4391		0		3143
34		4388		0		3162
35		4364		0		3164
36		4349		0		3182
37		4322		0		3170
38		4309		0		3178
39		4293		0		3170
40		4287		0		3184
41		4289		0		3181
42		4313		0		3175
43		4278		0		3201
44		4252		0		3180
45		4251		0		3183
46		4192		0		3180
47		4189		0		3202
48		4192		0		3190
49		4141		0		3206
50		4130		0		3202
51		4137		0		3205
52		4142		0		3186
53		4108		0		3196
54		4063		0		3202
55		4066		0		3207
56		4099		0		3195
57		4067		0		3211
58		4058		0		3194
59		4041		0		3208
60		4001		0		3199
61		3979		0		3211
62		4019		0		3198
63		3987		0		3174
64		3972		0		3178
65		3958		0		3190
66		3950		0		3190
67		3941		0		3195
68		3935		0		3199
69		3938		0		3204
70		3907		0		3204
71		3890		0		3206
72		3916		0		3213
73		3925		0		3208
74		3874		0		3203
75		3868		0		3206
76		3845		0		3202
77		3814		0		3208
78		3847		0		3204
79		3822		0		3193
80		3829		0		3189
81		3796		0		3207
82		3781		0		3202
83		3784		0		3203
84		3759		0		3215
85		3761		0		3203
86		3782		0		3218
87		3787		0		3218
88		3774		0		3219
89		3786		0		3211
90		3811		0		3189
91		3786		0		3191
92		3785		0		3209
93		3753		0		3215
94		3737		0		3216
95		3728		0		3211
96		3736		0		3227
97		3730		0		3201
98		3708		0		3187
99		3705		0		3210
100		3701		0		3189
101		3730		0		3195
102		3713		0		3198
103		3730		0		3202
104		3733		0		3194
105		3684		0		3194
106		3718		0		3212
107		3708		0		3217
108		3693		0		3222
109		3656		0		3216
110		3681		0		3220
111		3671		0		3232
112		3674		0		3222
113		3650		0		3205
114		3650		0		3228
115		3618		0		3220
116		3605		0		3224
117		3594		0		3230
118		3615		0		3226
119		3619		0		3237
120		3616		0		3232
121		3618		0		3232
122		3627		0		3205
123		3621		0		3212
124		3592		0		3224
125		3592		0		3215
126		3589		0		3217
127		3594		0		3226
128		3574		0		3236
129		3598		0		3226
130		3621		0		3231
131		3590		0		3242
132		3606		0		3233
133		3617		0		3224
134		3593		0		3237
135		3584		0		3228
136		3588		0		3233
137		3580		0		3226
138		3558		0		3221
139		3558		0		3251
140		3535		0		3224
141		3528		0		3240
142		3528		0		3242
143		3533		0		3225
144		3531		0		3227
145		3520		0		3211
146		3490		0		3238
147		3493		0		3245
148		3517		0		3233
149		3501		0		3230
150		3494		0		3220
151		3503		0		3227
152		3499		0		3213
153		3495		0		3214
154		3488		0		3231
155		3499		0		3237
156		3482		0		3237
157		3482		0		3230
158		3457		0		3243
159		3476		0		3227
160		3475		0		3237
161		3480		0		3238
162		3410		0		3246
163		3422		0		3236
164		3407		0		3249
165		3427		0		3248
166		3437		0		3244
167		3453		0		3238
168		3432		0		3254
169		3437		0		3236
170		3451		0		3246
171		3426		0		3256
172		3414		0		3256
173		3408		0		3254
174		3399		0		3241
175		3397		0		3258
176		3388		0		3224
177		3400		0		3241
178		3388		0		3232
179		3384		0		3241
180		3367		0		3247
181		3365		0		3235
182		3350		0		3234
183		3329		0		3236
184		3336		0		3242
185		3316		0		3236
186		3322		0		3242
187		3313		0		3249
188		3316		0		3247
189		3306		0		3259
190		3291		0		3234
191		3301		0		3228
192		3281		0		3231
193		3285		0		3250
194		3302		0		3242
195		3272		0		3251
196		3264		0		3251
197		3265		0		3250
198		3258		0		3241
199		3257		0		3239
200		3244		0		3231
201		3246		0		3250
202		3257		0		3251
203		3247		0		3248
204		3243		0		3247
205		3231		0		3246
206		3224		0		3238
207		3255		0		3239
208		3232		0		3254
209		3209		0		3251
210		3202		0		3248
211		3198		0		3250
212		3219		0		3262
213		3236		0		3269
214		3247		0		3261
215		3249		0		3258
216		3237		0		3262
217		3248		0		3258
218		3237		0		3255
219		3221		0		3248
220		3229		0		3245
221		3206		0		3247
222		3203		0		3252
223		3204		0		3250
224		3190		0		3234
225		3182		0		3237
226		3176		0		3265
227		3176		0		3267
228		3171		0		3254
229		3162		0		3258
230		3163		0		3252
231		3175		0		3265
232		3182		0		3263
233		3169		0		3269
234		3159		0		3248
235		3186		0		3259
236		3188		0		3257
237		3203		0		3255
238		3215		0		3246
239		3202		0		3258
240		3163		0		3248
241		3187		0		3252
242		3168		0		3253
243		3166		0		3258
244		3177		0		3260
245		3169		0		3271
246		3164		0		3262
247		3150		0		3271
248		3178		0		3270
249		3167		0		3270
250		3155		0		3261
251		3146		0		3262
252		3153		0		3273
253		3153		0		3284
254		3169		0		3274
255		3171		0		3268
256		3150		0		3277
257		3147		0		3286
258		3144		0		3285
259		3155		0		3282
260		3140		0		3275
261		3137		0		3290
262		3144		0		3279
263		3152		0		3276
264		3137		0		3269
265		3123		0		3290
266		3119		0		3283
267		3129		0		3259
268		3135		0		3263
269		3154		0		3266
270		3134		0		3284
271		3150		0		3279
272		3153		0		3282
273		3155		0		3275
274		3146		0		3268
275		3159		0		3274
276		3151		0		3285
277		3131		0		3272
278		3130		0		3265
279		3110		0		3275
280		3123		0		3279
281		3138		0		3274
282		3090		0		3268
283		3077		0		3268
284		3068		0		3269
285		3096		0		3257
286		3099		0		3264
287		3114		0		3278
288		3097		0		3278
289		3074		0		3283
290		3062		0		3272
291		3057		0		3273
292		3050		0		3270
293		3087		0		3271
294		3105		0		3265
295		3111		0		3259
296		3097		0		3258
297		3087		0		3256
298		3078		0		3270
299		3081		0		3290
300		3041		0		3286
301		3037		0		3277
302		3034		0		3291
303		3037		0		3279
304		3012		0		3277
305		3043		0		3277
306		3018		0		3284
307		3030		0		3300
308		3030		0		3289
309		3013		0		3282
310		3016		0		3281
311		3013		0		3272
312		3011		0		3264
313		3001		0		3261
314		3021		0		3275
315		3002		0		3274
316		3008		0		3270
317		3013		0		3272
318		3010		0		3271
319		3035		0		3274
320		3014		0		3278
321		3006		0		3275
322		3011		0		3278
323		3003		0		3282
324		2993		0		3284
325		3001		0		3281
326		2994		0		3264
327		2995		0		3259
328		2992		0		3266
329		3020		0		3262
330		2978		0		3271
331		2998		0		3265
332		2988		0		3273
333		2978		0		3270
334		2995		0		3271
335		2999		0		3266
336		2981		0		3272
337		2974		0		3259
338		2984		0		3259
339		2998		0		3271
340		3016		0		3262
341		2980		0		3256
342		2985		0		3268
343		2993		0		3265
344		2975		0		3255
345		2971		0		3258
346		2989		0		3259
347		2987		0		3260
348		3001		0		3265
349		2981		0		3259
350		2971		0		3260
351		2970		0		3252
352		2972		0		3269
353		2974		0		3268
354		2959		0		3265
355		2956		0		3262
356		2968		0		3259
357		2954		0		3270
358		2943		0		3274
359		2942		0		3274
360		2947		0		3268
361		2952		0		3259
362		2934		0		3268
363		2936		0		3253
364		2943		0		3261
365		2953		0		3272
366		2933		0		3273
367		2941		0		3264
368		2944		0		3264
369		2944		0		3244
370		2909		0		3260
371		2911		0		3257
372		2934		0		3254
373		2937		0		3264
374		2928		0		3274
375		2936		0		3268
376		2932		0		3254
377		2950		0		3263
378		2954		0		3269
379		2952		0		3264
380		2924		0		3261
381		2926		0		3261
382		2927		0		3267
383		2918		0		3260
384		2913		0		3252
385		2926		0		3258
386		2935		0		3259
387		2915		0		3247
388		2922		0		3269
389		2911		0		3273
390		2920		0		3277
391		2899		0		3265
392		2876		0		3273
393		2882		0		3272
394		2882		0		3262
395		2864		0		3268
396		2867		0		3278
397		2867		0		3277
398		2882		0		3269
399		2883		0		3261
400		2879		0		3273
401		2889		0		3272
402		2871		0		3265
403		2877		0		3285
404		2878		0		3286
405		2866		0		3270
406		2870		0		3263
407		2864		0		3271
408		2866		0		3265
409		2840		0		3246
410		2852		0		3260
411		2855		0		3260
412		2864		0		3270
413		2856		0		3263
414		2857		0		3264
415		2862		0		3268
416		2864		0		3266
417		2847		0		3262
418		2828		0		3260
419		2830		0		3263
420		2833		0		3251
421		2820		0		3265
422		2839		0		3259
423		2837		0		3248
424		2856		0		3254
425		2860		0		3263
426		2838		0		3262
427		2820		0		3252
428		2823		0		3250
429		2840		0		3266
430		2825		0		3265
431		2820		0		3279
432		2822		0		3276
433		2810		0		3269
434		2815		0		3267
435		2800		0		3267
436		2803		0		3259
437		2801		0		3262
438		2801		0		3254
439		2784		0		3264
440		2800		0		3246
441		2812		0		3255
442		2842		0		3261
443		2827		0		3262
444		2833		0		3242
445		2832		0		3248
446		2826		0		3260
447		2822		0		3262
448		2804		0		3272
449		2814		0		3264
450		2827		0		3264
451		2829		0		3259
452		2821		0		3270
453		2830		0		3271
454		2829		0		3263
455		2847		0		3269
456		2828		0		3277
457		2820		0		3268
458		2813		0		3292
459		2801		0		3290
460		2801		0		3281
461		2779		0		3284
462		2751		0		3289
463		2766		0		3285
464		2770		0		3276
465		2762		0		3271
466		2757		0		3267
467		2756		0		3276
468		2739		0		3274
469		2737		0		3277
470		2741		0		3270
471		2743		0		3275
472		2754		0		3288
473		2774		0		3284
474		2760		0		3286
475		2740		0		3283
476		2759		0		3283
477		2765		0		3288
478		2794		0		3285
479		2776		0		3277
480		2790		0		3267
481		2768		0		3284
482		2726		0		3276
483		2737		0		3275
484		2740		0		3292
485		2740		0		3295
486		2741		0		3290
487		2746		0		3280
488		2741		0		3294
489		2743		0		3301
490		2751		0		3286
491		2743		0		3296
492		2743		0		3299
493		2711		0		3309
494		2743		0		3316
495		2741		0		3310
496		2742		0		3296
497		2730		0		3297
498		2734		0		3294
499		2749		0		3293
500		2757		0		3294
501		2725		0		3287
502		2718		0		3291
503		2717		0		3295
504		2730		0		3299
505		2709		0		3290
506		2709		0		3301
507		2722		0		3292
508		2718		0		3297
509		2727		0		3304
510		2742		0		3296
511		2740		0		3310
512		2736		0		3308
513		2728		0		3312
514		2731		0		3313
515		2756		0		3299
516		2759		0		3304
517		2759		0		3310
518		2723		0		3320
519		2713		0		3307
520		2727		0		3308
521		2726		0		3304
522		2733		0		3299
523		2712		0		3321
524		2723		0		3315
525		2731		0		3311
526		2713		0		3300
527		2691		0		3296
528		2694		0		3293
529		2692		0		3282
530		2674		0		3297
531		2662		0		3293
532		2648		0		3302
533		2664		0		3305
534		2663		0		3314
535		2665		0		3304
536		2658		0		3307
537		2658		0		3315
538		2676		0		3306
539		2670		0		3300
540		2635		0		3286
541		2641		0		3295
542		2630		0		3296
543		2621		0		3282
544		2627		0		3301
545		2629		0		3319
546		2633		0		3303
547		2618		0		3294
548		2616		0		3293
549		2627		0		3298
550		2627		0		3307
551		2625		0		3303
552		2631		0		3312
553		2627		0		3311
554		2632		0		3299
555		2642		0		3305
556		2630		0		3305
557		2638		0		3305
558		2616		0		3307
559		2605		0		3315
560		2612		0		3309
561		2617		0		3318
562		2604		0		3309
563		2577		0		3312
564		2586		0		3320
565		2600		0		3320
566		2589		0		3320
567		2581		0		3313
568		2581		0		3317
569		2577		0		3312
570		2595		0		3312
571		2587		0		3308
572		2601		0		3308
573		2590		0		3323
574		2560		0		3313
575		2579		0		3316
576		2607		0		3315
577		2586		0		3313
578		2588		0		3309
579		2598		0		3315
580		2594		0		3322
581		2568		0		3320
582		2558		0		3311
583		2557		0		3314
584		2561		0		3319
585		2580		0		3304
586		2593		0		3308
587		2591		0		3303
588		2564		0		3309
589		2580		0		3314
590		2593		0		3296
591		2606		0		3315
592		2601		0		3308
593		2581		0		3297
594		2580		0		3309
595		2580		0		3308
596		2570		0		3314
597		2578		0		3307
598		2578		0		3318
599		2595		0		3305
600		2594		0		3306
601		2586		0		3303
602		2584		0		3316
603		2598		0		3326
604		2576		0		3312
605		2597		0		3304
606		2584		0		3321
607		2575		0		3320
608		2582		0		3310
609		2568		0		3306
610		2570		0		3326
611		2547		0		3316
612		2554		0		3313
613		2568		0		3315
614		2564		0		3312
615		2567		0		3305
616		2572		0		3307
617		2572		0		3326
618		2576		0		3314
619		2576		0		3302
620		2581		0		3314
621		2587		0		3308
622		2591		0		3309
623		2595		0		3305
624		2582		0		3304
625		2576		0		3308
626		2562		0		3300
627		2558		0		3309
628		2547		0		3318
629		2556		0		3322
630		2553		0		3325
631		2546		0		3332
632		2546		0		3338
633		2556		0		3328
634		2575		0		3339
635		2568		0		3325
636		2557		0		3332
637		2564		0		3331
638		2562		0		3329
639		2558		0		3329
640		2555		0		3323
641		2558		0		3326
642		2538		0		3318
643		2540		0		3322
644		2521		0		3330
645		2513		0		3312
646		2519		0		3324
647		2534		0		3328
648		2522		0		3336
649		2511		0		3313
650		2503		0		3309
651		2503		0		3327
652		2500		0		3325
653		2506		0		3332
654		2521		0		3328
655		2540		0		3330
656		2514		0		3320
657		2510		0		3328
658		2513		0		3327
659		2534		0		3325
660		2509		0		3327
661		2514		0		3337
662		2494		0		3330
663		2508		0		3338
664		2513		0		3330
665		2515		0		3327
666		2528		0		3331
667		2525		0		3327
668		2520		0		3322
669		2515		0		3325
670		2525		0		3328
671		2533		0		3330
672		2523		0		3322
673		2542		0		3318
674		2552		0		3331
675		2550		0		3323
676		2540		0		3327
677		2545		0		3331
678		2531		0		3321
679		2514		0		3328
680		2526		0		3320
681		2526		0		3325
682		2527		0		3330
683		2533		0		3322
684		2514		0		3316
685		2534		0		3327
686		2513		0		3327
687		2524		0		3336
688		2517		0		3330
689		2521		0		3326
690		2518		0		3324
691		2539		0		3328
692		2517		0		3330
693		2510		0		3336
694		2525		0		3334
695		2523		0		3322
696		2513		0		3315
697		2509		0		3324
698		2493		0		3338
699		2485		0		3330
700		2485		0		3322
701		2483		0		3325
702		2481		0		3336
703		2481		0		3326
704		2466		0		3321
705		2482		0		3322
706		2469		0		3324
707		2486		0		3321
708		2477		0		3331
709		2473		0		3327
710		2468		0		3324
711		2479		0		3319
712		2487		0		3320
713		2482		0		3329
714		2462		0		3317
715		2469		0		3331
716		2483		0		3325
717		2490		0		3334
718		2475		0		3324
719		2487		0		3325
720		2482		0		3320
721		2473		0		3325
722		2478		0		3334
723		2485		0		3332
724		2496		0		3329
725		2479		0		3324
726		2472		0		3330
727		2501		0		3331
728		2475		0		3322
729		2486		0		3323
730		2477		0		3319
731		2475		0		3313
732		2476		0		3315
733		2462		0		3315
734		2465		0		3319
735		2466		0		3319
736		2468		0		3315
737		2477		0		3322
738		2477		0		3314
739		2486		0		3317
740		2460		0		3326
741		2477		0		3326
742		2469		0		3328
743		2466		0		3311
744		2464		0		3312
745		2472		0		3311
746		2461		0		3319
747		2467		0		3316
748		2454		0		3322
749		2448		0		3319
750		2447		0		3320
751		2467		0		3318
752		2458		0		3321
753		2439		0		3335
754		2438		0		3326
755		2422		0		3326
756		2438		0		3334
757		2432		0		3322
758		2435		0		3326
759		2437		0		3326
760		2441		0		3317
761		2425		0		3322
762		2423		0		3324
763		2433		0		3312
764		2432		0		3316
765		2435		0		3313
766		2414		0		3323
767		2415		0		3318
768		2423		0		3329
769		2434		0		3316
770		2434		0		3314
771		2412		0		3325
772		2420		0		3324
773		2412		0		3322
774		2417		0		3310
775		2412		0		3315
776		2430		0		3313
777		2420		0		3318
778		2434		0		3317
779		2435		0		3315
780		2425		0		3325
781		2428		0		3318
782		2432		0		3325
783		2431		0		3322
784		2431		0		3328
785		2435		0		3323
786		2437		0		3316
787		2440		0		3308
788		2433		0		3309
789		2426		0		3305
790		2430		0		3311
791		2418		0		3316
792		2424		0		3316
793		2419		0		3311
794		2417		0		3307
795		2423		0		3301
796		2420		0		3320
797		2434		0		3313
798		2428		0		3317
799		2441		0		3320
800		2447		0		3312
801		2451		0		3300
802		2451		0		3313
803		2461		0		3308
804		2446		0		3315
805		2445		0		3299
806		2447		0		3310
807		2438		0		3307
808		2432		0		3303
809		2425		0		3310
810		2426		0		3306
811		2434		0		3301
812		2454		0		3320
813		2428		0		3306
814		2420		0		3298
815		2420		0		3310
816		2437		0		3311
817		2426		0		3308
818		2425		0		3307
819		2415		0		3316
820		2422		0		3322
821		2415		0		3318
822		2414		0		3318
823		2422		0		3319
824		2416		0		3318
825		2404		0		3324
826		2409		0		3322
827		2420		0		3320
828		2412		0		3321
829		2411		0		3314
830		2399		0		3323
831		2405		0		3322
832		2406		0		3325
833		2422		0		3324
834		2399		0		3315
835		2403		0		3321
836		2397		0		3323
837		2404		0		3316
838		2398		0		3322
839		2402		0		3324
840		2426		0		3334
841		2408		0		3324
842		2415		0		3322
843		2410		0		3324
844		2425		0		3333
845		2392		0		3329
846		2392		0		3327
847		2385		0		3326
848		2380		0		3322
849		2393		0		3316
850		2403		0		3320
851		2387		0		3321
852		2380		0		3324
853		2364		0		3323
854		2373		0		3322
855		2388		0		3321
856		2372		0		3332
857		2372		0		3319
858		2368		0		3327
859		2380		0		3333
860		2373		0		3322
861		2384		0		3321
862		2383		0		3334
863		2367		0		3327
864		2358		0		3322
865		2377		0		3320
866		2375		0		3325
867		2402		0		3318
868		2384		0		3318
869		2394		0		3325
870		2396		0		3325
871		2387		0		3321
872		2386		0		3311
873		2395		0		3319
874		2413		0		3317
875		2405		0		3329
876		2416		0		3325
877		2395		0		3317
878		2398		0		3332
879		2397		0		3320
880		2410		0		3314
881		2406		0		3319
882		2423		0		3318
883		2412		0		3318
884		2419		0		3318
885		2410		0		3321
886		2413		0		3328
887		2422		0		3320
888		2400		0		3329
889		2391		0		3317
890		2394		0		3326
891		2422		0		3325
892		2387		0		3313
893		2376		0		3315
894		2379		0		3325
895		2386		0		3323
896		2385		0		3329
897		2407		0		3320
898		2407		0		3325
899		2408		0		3318
900		2403		0		3312
901		2388		0		3316
902		2396		0		3315
903		2407		0		3302
904		2404		0		3305
905		2405		0		3313
906		2419		0		3319
907		2414		0		3317
908		2434		0		3314
909		2427		0		3318
910		2427		0		3315
911		2402		0		3312
912		2398		0		3311
913		2396		0		3321
914		2378		0		3322
915		2389		0		3314
916		2406		0		3313
917		2386		0		3322
918		2392		0		3319
919		2394		0		3327
920		2386		0		3324
921		2385		0		3323
922		2377		0		3326
923		2389		0		3320
924		2400		0		3321
925		2410		0		3306
926		2407		0		3322
927		2394		0		3322
928		2391		0		3320
929		2379		0		3327
930		2382		0		3326
931		2393		0		3313
932		2377		0		3326
933		2391		0		3314
934		2376		0		3323
935		2385		0		3321
936		2378		0		3332
937		2366		0		3315
938		2377		0		3308
939		2376		0		3309
940		2385		0		3315
941		2379		0		3319
942		2388		0		3324
943		2384		0		3323
944		2375		0		3325
945		2373		0		3326
946		2377		0		3319
947		2358		0		3328
948		2374		0		3344
949		2376		0		3339
950		2377		0		3344
951		2370		0		3340
952		2377		0		3343
953		2376		0		3337
954		2364		0		3341
955		2353		0		3350
956		2373		0		3338
957		2364		0		3328
958		2369		0		3341
959		2342		0		3331
960		2360		0		3332
961		2362		0		3336
962		2364		0		3336
963		2362		0		3335
964		2367		0		3337
965		2372		0		3332
966		2354		0		3333
967		2373		0		3335
968		2364		0		3334
969		2362		0		3356
970		2380		0		3350
971		2373		0		3339
972		2375		0		3337
973		2367		0		3347
974		2390		0		3341
975		2366		0		3342
976		2365		0		3338
977		2347		0		3337
978		2345		0		3338
979		2355		0		3329
980		2342		0		3333
981		2323		0		3339
982		2322		0		3345
983		2343		0		3340
984		2349		0		3341
985		2334		0		3338
986		2331		0		3343
987		2340		0		3351
988		2336		0		3354
989		2326		0		3351
990		2319		0		3351
991		2328		0		3347
992		2322		0		3344
993		2348		0		3340
994		2346		0		3349
995		2333		0		3346
996		2335		0		3346
997		2339		0		3347
998		2341		0		3348
999		2354		0		3339
