# Migration is number of nodes that have changed color.

Round		Edge-Cut		Swaps		Migrations		Skipped
0		760		0		178
1		688		0		199
2		649		0		184
3		601		0		203
4		556		0		195
5		549		0		182
6		550		0		190
7		535		0		182
8		518		0		193
9		506		0		184
10		478		0		178
11		460		0		190
12		454		0		181
13		451		0		191
14		425		0		181
15		434		0		188
16		430		0		180
17		408		0		183
18		388		0		184
19		390		0		189
20		379		0		182
21		362		0		188
22		364		0		192
23		368		0		196
24		361		0		190
25		359		0		189
26		357		0		188
27		363		0		184
28		338		0		185
29		339		0		182
30		337		0		187
31		322		0		184
32		323		0		185
33		341		0		184
34		329		0		187
35		308		0		184
36		314		0		186
37		321		0		192
38		313		0		190
39		310		0		187
40		308		0		188
41		315		0		188
42		308		0		187
43		305		0		190
44		307		0		187
45		315		0		185
46		310		0		189
47		297		0		189
48		303		0		190
49		316		0		193
50		302		0		193
51		300		0		185
52		303		0		185
53		302		0		186
54		305		0		184
55		307		0		194
56		302		0		188
57		308		0		194
58		305		0		184
59		297		0		186
60		297		0		188
61		292		0		185
62		290		0		183
63		294		0		188
64		285		0		183
65		297		0		185
66		295		0		182
67		295		0		185
68		294		0		190
69		291		0		187
70		284		0		188
71		286		0		189
72		293		0		192
73		298		0		191
74		299		0		189
75		291		0		186
76		295		0		184
77		307		0		181
78		302		0		188
79		308		0		186
80		297		0		189
81		305		0		187
82		293		0		187
83		288		0		186
84		286		0		188
85		289		0		187
86		288		0		189
87		288		0		191
88		297		0		191
89		291		0		193
90		290		0		191
91		278		0		190
92		280		0		190
93		296		0		188
94		299		0		184
95		297		0		190
96		306		0		189
97		285		0		187
98		290		0		187
99		287		0		188
100		266		0		186
101		267		0		187
102		271		0		182
103		273		0		186
104		278		0		184
105		277		0		185
106		277		0		185
107		282		0		186
108		279		0		189
109		277		0		187
110		276		0		185
111		276		0		182
112		281		0		185
113		280		0		181
114		271		0		181
115		278		0		187
116		279		0		183
117		291		0		187
118		291		0		190
119		283		0		186
120		280		0		186
121		274		0		187
122		277		0		184
123		277		0		188
124		272		0		189
125		279		0		189
126		284		0		188
127		279		0		187
128		274		0		186
129		276		0		189
130		278		0		185
131		279		0		182
132		281		0		186
133		279		0		186
134		279		0		186
135		275		0		187
136		277		0		186
137		276		0		187
138		277		0		187
139		276		0		184
140		280		0		187
141		278		0		190
142		280		0		188
143		280		0		184
144		272		0		190
145		272		0		188
146		268		0		184
147		263		0		186
148		259		0		184
149		257		0		186
150		258		0		182
151		270		0		188
152		264		0		183
153		264		0		188
154		275		0		189
155		261		0		187
156		263		0		186
157		270		0		184
158		264		0		186
159		259		0		187
160		264		0		184
161		266		0		190
162		253		0		187
163		252		0		187
164		261		0		186
165		257		0		182
166		260		0		189
167		257		0		183
168		261		0		187
169		259		0		184
170		256		0		185
171		263		0		184
172		273		0		186
173		264		0		185
174		270		0		187
175		263		0		183
176		273		0		189
177		264		0		186
178		261		0		188
179		260		0		187
180		257		0		186
181		258		0		186
182		256		0		187
183		263		0		188
184		270		0		189
185		258		0		185
186		264		0		182
187		251		0		187
188		252		0		186
189		251		0		188
190		253		0		191
191		262		0		188
192		257		0		190
193		253		0		186
194		252		0		183
195		252		0		183
196		253		0		187
197		254		0		188
198		255		0		187
199		246		0		185
200		248		0		187
201		240		0		187
202		241		0		188
203		241		0		191
204		243		0		186
205		246		0		186
206		245		0		188
207		241		0		189
208		242		0		187
209		247		0		188
210		238		0		187
211		241		0		185
212		243		0		185
213		243		0		186
214		239		0		185
215		228		0		190
216		230		0		184
217		231		0		188
218		240		0		187
219		233		0		184
220		235		0		184
221		235		0		187
222		225		0		191
223		226		0		190
224		229		0		192
225		223		0		193
226		219		0		186
227		218		0		188
228		214		0		188
229		217		0		185
230		222		0		186
231		221		0		184
232		220		0		188
233		218		0		187
234		214		0		189
235		216		0		189
236		218		0		189
237		224		0		188
238		219		0		185
239		228		0		187
240		218		0		189
241		221		0		189
242		223		0		187
243		227		0		190
244		221		0		187
245		223		0		187
246		220		0		187
247		223		0		189
248		220		0		186
249		222		0		182
250		216		0		187
251		219		0		193
252		217		0		189
253		221		0		189
254		227		0		187
255		231		0		181
256		226		0		191
257		222		0		188
258		228		0		185
259		221		0		188
260		217		0		190
261		221		0		194
262		222		0		195
263		220		0		188
264		219		0		192
265		219		0		187
266		219		0		189
267		208		0		189
268		213		0		189
269		214		0		188
270		208		0		189
271		209		0		188
272		214		0		188
273		216		0		185
274		222		0		185
275		217		0		189
276		209		0		191
277		214		0		187
278		217		0		185
279		208		0		186
280		213		0		191
281		214		0		188
282		217		0		191
283		208		0		186
284		209		0		186
285		215		0		186
286		208		0		187
287		202		0		191
288		205		0		192
289		206		0		191
290		205		0		187
291		205		0		187
292		205		0		188
293		205		0		187
294		203		0		188
295		203		0		188
296		202		0		188
297		201		0		189
298		201		0		189
299		201		0		189
300		204		0		187
301		205		0		187
302		202		0		186
303		202		0		189
304		204		0		192
305		209		0		190
306		203		0		195
307		208		0		190
308		211		0		187
309		203		0		187
310		201		0		188
311		200		0		188
312		205		0		188
313		202		0		191
314		198		0		192
315		199		0		192
316		198		0		192
317		201		0		190
318		200		0		188
319		204		0		186
320		203		0		187
321		205		0		192
322		200		0		188
323		201		0		187
324		204		0		186
325		202		0		186
326		203		0		188
327		202		0		186
328		203		0		187
329		199		0		188
330		202		0		186
331		201		0		193
332		207		0		189
333		206		0		188
334		205		0		188
335		200		0		187
336		201		0		190
337		197		0		190
338		200		0		188
339		198		0		189
340		203		0		187
341		208		0		187
342		206		0		190
343		204		0		191
344		202		0		190
345		201		0		191
346		200		0		191
347		201		0		189
348		200		0		187
349		204		0		186
350		205		0		186
351		199		0		189
352		198		0		189
353		200		0		188
354		201		0		191
355		203		0		186
356		201		0		187
357		203		0		188
358		199		0		189
359		199		0		189
360		199		0		189
361		203		0		188
362		207		0		187
363		205		0		190
364		206		0		188
365		209		0		189
366		202		0		187
367		207		0		187
368		204		0		194
369		204		0		193
370		199		0		191
371		201		0		187
372		202		0		186
373		200		0		187
374		203		0		189
375		206		0		188
376		198		0		189
377		201		0		193
378		201		0		188
379		201		0		188
380		199		0		189
381		207		0		188
382		203		0		189
383		198		0		192
384		202		0		187
385		203		0		190
386		203		0		188
387		207		0		186
388		203		0		190
389		200		0		188
390		200		0		188
391		204		0		188
392		209		0		186
393		201		0		191
394		201		0		191
395		205		0		188
396		204		0		189
397		202		0		189
398		206		0		192
399		207		0		194
400		209		0		191
401		211		0		190
402		210		0		189
403		207		0		192
404		206		0		192
405		207		0		188
406		207		0		188
407		209		0		186
408		206		0		188
409		208		0		186
410		212		0		186
411		203		0		187
412		204		0		189
413		203		0		189
414		206		0		186
415		209		0		189
416		203		0		188
417		204		0		190
418		205		0		188
419		205		0		187
420		209		0		187
421		204		0		190
422		202		0		187
423		198		0		189
424		201		0		187
425		200		0		189
426		204		0		191
427		204		0		190
428		200		0		189
429		200		0		188
430		204		0		188
431		196		0		188
432		198		0		189
433		196		0		188
434		197		0		190
435		200		0		189
436		200		0		189
437		202		0		191
438		204		0		187
439		210		0		191
440		205		0		192
441		199		0		190
442		197		0		191
443		198		0		188
444		203		0		190
445		205		0		186
446		208		0		188
447		211		0		188
448		213		0		187
449		203		0		190
450		206		0		189
451		203		0		188
452		200		0		190
453		204		0		189
454		203		0		188
455		206		0		187
456		203		0		186
457		197		0		188
458		199		0		187
459		201		0		189
460		201		0		189
461		199		0		187
462		197		0		188
463		197		0		188
464		199		0		190
465		202		0		188
466		197		0		188
467		201		0		187
468		199		0		188
469		203		0		189
470		206		0		188
471		199		0		189
472		201		0		188
473		203		0		190
474		205		0		191
475		203		0		190
476		203		0		186
477		207		0		188
478		203		0		189
479		203		0		189
480		199		0		187
481		199		0		187
482		199		0		187
483		199		0		187
484		204		0		191
485		204		0		191
486		207		0		193
487		209		0		192
488		208		0		188
489		207		0		191
490		212		0		191
491		212		0		191
492		209		0		189
493		211		0		186
494		209		0		189
495		209		0		188
496		206		0		189
497		208		0		188
498		204		0		190
499		204		0		190
500		202		0		188
501		206		0		190
502		204		0		185
503		204		0		187
504		207		0		185
505		207		0		188
506		205		0		187
507		200		0		188
508		200		0		188
509		204		0		188
510		210		0		187
511		213		0		187
512		202		0		188
513		204		0		187
514		207		0		187
515		204		0		186
516		208		0		187
517		205		0		185
518		207		0		183
519		204		0		187
520		202		0		188
521		204		0		188
522		208		0		185
523		207		0		186
524		197		0		188
525		208		0		185
526		205		0		188
527		201		0		186
528		201		0		189
529		201		0		186
530		205		0		190
531		199		0		187
532		197		0		188
533		197		0		188
534		199		0		189
535		199		0		189
536		201		0		189
537		201		0		187
538		199		0		187
539		207		0		185
540		205		0		188
541		199		0		190
542		199		0		190
543		200		0		186
544		201		0		188
545		201		0		188
546		197		0		188
547		199		0		187
548		204		0		187
549		203		0		187
550		199		0		189
551		198		0		187
552		201		0		188
553		200		0		186
554		202		0		186
555		201		0		190
556		201		0		189
557		201		0		189
558		201		0		187
559		201		0		187
560		203		0		185
561		203		0		187
562		201		0		188
563		199		0		187
564		204		0		186
565		207		0		187
566		205		0		188
567		199		0		187
568		202		0		185
569		202		0		188
570		200		0		188
571		200		0		186
572		199		0		187
573		200		0		189
574		202		0		190
575		201		0		189
576		203		0		188
577		199		0		187
578		203		0		186
579		209		0		185
580		199		0		190
581		201		0		189
582		197		0		188
583		197		0		188
584		199		0		188
585		203		0		190
586		201		0		189
587		210		0		186
588		198		0		187
589		201		0		189
590		200		0		188
591		202		0		187
592		202		0		187
593		202		0		187
594		203		0		190
595		198		0		189
596		200		0		188
597		204		0		187
598		203		0		187
599		208		0		189
600		214		0		190
601		205		0		185
602		203		0		189
603		206		0		187
604		206		0		185
605		200		0		188
606		205		0		187
607		210		0		191
608		209		0		191
609		216		0		192
610		204		0		190
611		209		0		191
612		205		0		189
613		205		0		188
614		207		0		190
615		207		0		189
616		208		0		187
617		205		0		191
618		199		0		188
619		202		0		186
620		202		0		189
621		208		0		190
622		201		0		186
623		202		0		189
624		204		0		190
625		203		0		188
626		199		0		187
627		199		0		187
628		205		0		187
629		208		0		189
630		206		0		189
631		205		0		186
632		210		0		186
633		206		0		188
634		204		0		189
635		206		0		185
636		211		0		187
637		204		0		186
638		203		0		186
639		203		0		186
640		203		0		188
641		204		0		189
642		204		0		189
643		207		0		189
644		204		0		186
645		206		0		185
646		203		0		189
647		205		0		189
648		205		0		189
649		203		0		187
650		201		0		188
651		206		0		187
652		210		0		191
653		203		0		188
654		200		0		187
655		200		0		186
656		202		0		188
657		204		0		188
658		208		0		188
659		207		0		190
660		201		0		188
661		206		0		188
662		198		0		188
663		202		0		189
664		203		0		187
665		206		0		185
666		208		0		186
667		205		0		186
668		204		0		187
669		210		0		184
670		212		0		186
671		212		0		183
672		212		0		186
673		214		0		184
674		208		0		186
675		206		0		188
676		208		0		188
677		208		0		187
678		212		0		189
679		211		0		188
680		206		0		190
681		208		0		186
682		210		0		185
683		210		0		184
684		213		0		185
685		205		0		188
686		210		0		185
687		204		0		187
688		207		0		188
689		207		0		186
690		205		0		188
691		213		0		190
692		210		0		187
693		208		0		186
694		213		0		184
695		215		0		185
696		204		0		190
697		201		0		186
698		203		0		185
699		203		0		188
700		204		0		189
701		206		0		190
702		211		0		186
703		207		0		183
704		210		0		187
705		213		0		188
706		212		0		183
707		220		0		183
708		207		0		184
709		210		0		186
710		212		0		187
711		209		0		184
712		203		0		186
713		205		0		185
714		209		0		189
715		207		0		186
716		203		0		187
717		203		0		185
718		205		0		186
719		207		0		187
720		208		0		189
721		210		0		189
722		208		0		190
723		206		0		187
724		205		0		184
725		206		0		187
726		207		0		187
727		208		0		188
728		204		0		185
729		203		0		188
730		209		0		189
731		212		0		188
732		207		0		190
733		208		0		188
734		206		0		189
735		208		0		188
736		203		0		188
737		205		0		187
738		212		0		185
739		216		0		191
740		219		0		189
741		217		0		189
742		209		0		192
743		205		0		187
744		200		0		190
745		201		0		183
746		201		0		188
747		209		0		187
748		210		0		187
749		210		0		187
750		206		0		188
751		213		0		182
752		208		0		186
753		208		0		186
754		204		0		190
755		201		0		189
756		202		0		190
757		202		0		188
758		204		0		188
759		203		0		188
760		203		0		187
761		204		0		189
762		208		0		189
763		211		0		187
764		207		0		190
765		209		0		188
766		205		0		189
767		207		0		187
768		206		0		188
769		200		0		189
770		204		0		190
771		211		0		188
772		202		0		189
773		202		0		191
774		202		0		188
775		200		0		190
776		209		0		186
777		209		0		187
778		202		0		188
779		201		0		192
780		201		0		192
781		205		0		189
782		206		0		186
783		208		0		187
784		206		0		188
785		207		0		190
786		209		0		190
787		212		0		189
788		212		0		190
789		215		0		184
790		219		0		187
791		212		0		189
792		212		0		191
793		199		0		190
794		199		0		189
795		197		0		189
796		197		0		189
797		197		0		189
798		198		0		188
799		202		0		185
800		204		0		185
801		200		0		188
802		202		0		185
803		202		0		187
804		198		0		186
805		196		0		187
806		198		0		188
807		202		0		188
808		208		0		183
809		203		0		186
810		208		0		187
811		207		0		191
812		208		0		188
813		209		0		190
814		211		0		190
815		208		0		191
816		205		0		189
817		207		0		190
818		204		0		192
819		210		0		188
820		208		0		189
821		205		0		191
822		203		0		187
823		203		0		189
824		200		0		189
825		201		0		190
826		200		0		189
827		204		0		189
828		202		0		187
829		202		0		188
830		205		0		186
831		205		0		187
832		201		0		189
833		199		0		190
834		199		0		191
835		203		0		187
836		205		0		189
837		199		0		185
838		195		0		188
839		199		0		190
840		203		0		188
841		207		0		188
842		201		0		188
843		197		0		189
844		201		0		186
845		201		0		189
846		199		0		188
847		197		0		188
848		195		0		188
849		201		0		187
850		199		0		186
851		199		0		185
852		201		0		188
853		197		0		190
854		199		0		191
855		201		0		192
856		199		0		189
857		202		0		188
858		205		0		187
859		204		0		184
860		205		0		185
861		204		0		186
862		206		0		189
863		206		0		189
864		202		0		190
865		204		0		189
866		204		0		193
867		199		0		190
868		197		0		185
869		198		0		188
870		195		0		187
871		197		0		189
872		199		0		186
873		198		0		184
874		199		0		186
875		201		0		187
876		199		0		187
877		203		0		186
878		203		0		185
879		205		0		187
880		201		0		191
881		207		0		190
882		206		0		190
883		202		0		186
884		203		0		184
885		203		0		188
886		201		0		187
887		200		0		186
888		200		0		188
889		204		0		188
890		205		0		190
891		208		0		189
892		201		0		187
893		206		0		188
894		214		0		189
895		206		0		191
896		202		0		191
897		202		0		187
898		204		0		189
899		200		0		186
900		198		0		186
901		197		0		189
902		197		0		188
903		199		0		188
904		194		0		189
905		196		0		189
906		198		0		185
907		199		0		187
908		199		0		184
909		202		0		188
910		194		0		186
911		194		0		186
912		195		0		187
913		191		0		186
914		191		0		191
915		191		0		192
916		192		0		191
917		193		0		185
918		192		0		188
919		193		0		187
920		195		0		187
921		199		0		190
922		200		0		188
923		200		0		186
924		201		0		185
925		196		0		184
926		202		0		185
927		194		0		183
928		192		0		186
929		195		0		184
930		192		0		186
931		195		0		193
932		192		0		190
933		190		0		188
934		190		0		185
935		192		0		185
936		190		0		189
937		188		0		187
938		190		0		185
939		192		0		185
940		194		0		187
941		188		0		189
942		186		0		188
943		190		0		187
944		192		0		186
945		191		0		189
946		187		0		188
947		189		0		189
948		189		0		187
949		183		0		188
950		187		0		185
951		188		0		184
952		186		0		186
953		188		0		186
954		185		0		188
955		184		0		187
956		189		0		187
957		187		0		189
958		189		0		186
959		187		0		188
960		187		0		188
961		185		0		187
962		185		0		188
963		183		0		188
964		183		0		188
965		185		0		189
966		188		0		186
967		185		0		187
968		187		0		188
969		186		0		187
970		190		0		189
971		189		0		190
972		191		0		188
973		185		0		187
974		188		0		186
975		191		0		189
976		191		0		189
977		195		0		188
978		189		0		188
979		187		0		188
980		187		0		188
981		190		0		186
982		194		0		185
983		187		0		187
984		187		0		186
985		187		0		185
986		183		0		188
987		183		0		188
988		186		0		186
989		185		0		187
990		189		0		186
991		185		0		188
992		187		0		188
993		188		0		186
994		188		0		186
995		190		0		188
996		188		0		187
997		188		0		187
998		188		0		186
999		185		0		188
1000		190		0		186
1001		187		0		186
1002		185		0		189
1003		187		0		189
1004		187		0		189
1005		187		0		189
1006		187		0		186
1007		186		0		187
1008		188		0		187
1009		188		0		184
1010		188		0		185
1011		186		0		185
1012		186		0		186
1013		183		0		188
1014		186		0		189
1015		187		0		187
1016		187		0		187
1017		184		0		187
1018		188		0		189
1019		189		0		186
1020		189		0		187
1021		191		0		185
1022		190		0		185
1023		190		0		188
1024		186		0		189
1025		190		0		189
1026		184		0		187
1027		185		0		186
1028		189		0		189
1029		189		0		188
1030		187		0		188
1031		188		0		189
1032		187		0		187
1033		186		0		186
1034		192		0		189
1035		191		0		188
1036		189		0		189
1037		193		0		186
1038		189		0		187
1039		193		0		186
1040		189		0		186
1041		189		0		187
1042		186		0		188
1043		184		0		187
1044		184		0		187
1045		184		0		187
1046		186		0		186
1047		188		0		185
1048		188		0		185
1049		186		0		186
1050		185		0		187
1051		185		0		187
1052		187		0		185
1053		187		0		189
1054		187		0		189
1055		188		0		187
1056		188		0		187
1057		185		0		189
1058		183		0		188
1059		187		0		187
1060		183		0		188
1061		183		0		188
1062		186		0		186
1063		188		0		187
1064		188		0		185
1065		188		0		188
1066		190		0		187
1067		188		0		187
1068		187		0		188
1069		187		0		186
1070		183		0		188
1071		187		0		186
1072		187		0		186
1073		189		0		189
1074		186		0		187
1075		188		0		186
1076		185		0		187
1077		183		0		188
1078		183		0		188
1079		185		0		187
1080		190		0		190
1081		189		0		187
1082		191		0		187
1083		188		0		186
1084		190		0		190
1085		190		0		190
1086		189		0		188
1087		187		0		187
1088		187		0		187
1089		191		0		185
1090		191		0		189
1091		187		0		188
1092		183		0		188
1093		183		0		188
1094		183		0		188
1095		185		0		188
1096		183		0		188
1097		185		0		188
1098		183		0		188
1099		183		0		188
1100		183		0		188
1101		184		0		187
1102		185		0		188
1103		191		0		192
1104		191		0		191
1105		191		0		191
1106		187		0		190
1107		187		0		188
1108		185		0		188
1109		183		0		188
1110		187		0		188
1111		188		0		184
1112		183		0		188
1113		183		0		188
1114		187		0		185
1115		191		0		188
1116		189		0		186
1117		187		0		188
1118		184		0		187
1119		190		0		190
1120		188		0		188
1121		188		0		188
1122		183		0		188
1123		183		0		188
1124		186		0		187
1125		188		0		187
1126		190		0		192
1127		188		0		189
1128		192		0		187
1129		196		0		188
1130		190		0		188
1131		186		0		185
1132		183		0		188
1133		185		0		189
1134		188		0		187
1135		190		0		186
1136		188		0		186
1137		184		0		187
1138		188		0		186
1139		188		0		188
1140		183		0		188
1141		183		0		188
1142		187		0		187
1143		187		0		188
1144		187		0		188
1145		189		0		186
1146		185		0		189
1147		183		0		188
1148		187		0		191
1149		187		0		188
1150		186		0		188
1151		185		0		187
1152		183		0		188
1153		187		0		188
1154		187		0		186
1155		187		0		189
1156		195		0		188
1157		197		0		187
1158		194		0		188
1159		194		0		189
1160		191		0		187
1161		192		0		187
1162		190		0		188
1163		189		0		186
1164		187		0		187
1165		185		0		190
1166		188		0		188
1167		188		0		189
1168		190		0		189
1169		191		0		189
1170		190		0		184
1171		183		0		188
1172		183		0		188
1173		185		0		187
1174		185		0		187
1175		187		0		188
1176		185		0		187
1177		189		0		187
1178		189		0		187
1179		189		0		187
1180		188		0		187
1181		191		0		190
1182		193		0		188
1183		183		0		188
1184		187		0		188
1185		187		0		189
1186		187		0		188
1187		194		0		185
1188		200		0		188
1189		196		0		188
1190		192		0		189
1191		188		0		188
1192		190		0		186
1193		183		0		188
1194		185		0		188
1195		191		0		188
1196		187		0		191
1197		192		0		187
1198		189		0		188
1199		188		0		189
1200		189		0		189
1201		187		0		190
1202		185		0		188
1203		183		0		188
1204		185		0		188
1205		185		0		188
1206		185		0		188
1207		183		0		188
1208		185		0		187
1209		185		0		187
1210		185		0		187
1211		188		0		188
1212		183		0		188
1213		185		0		187
1214		194		0		188
1215		193		0		188
1216		193		0		189
1217		193		0		188
1218		190		0		187
1219		187		0		186
1220		192		0		189
1221		189		0		186
1222		183		0		188
1223		183		0		188
1224		185		0		189
1225		183		0		188
1226		183		0		188
1227		185		0		188
1228		184		0		187
1229		186		0		187
1230		190		0		187
1231		190		0		186
1232		186		0		185
1233		184		0		187
1234		186		0		187
1235		185		0		188
1236		185		0		188
1237		185		0		188
1238		187		0		190
1239		185		0		190
1240		189		0		187
1241		189		0		187
1242		189		0		186
1243		193		0		186
1244		189		0		186
1245		189		0		188
1246		187		0		189
1247		189		0		186
1248		183		0		188
1249		183		0		188
1250		183		0		188
1251		183		0		188
1252		183		0		188
1253		183		0		188
1254		191		0		190
1255		192		0		190
1256		194		0		189
1257		194		0		187
1258		187		0		190
1259		189		0		190
1260		191		0		188
1261		189		0		189
1262		195		0		186
1263		189		0		187
1264		191		0		187
1265		188		0		186
1266		187		0		187
1267		183		0		188
1268		185		0		187
1269		188		0		189
1270		189		0		186
1271		192		0		186
1272		194		0		187
1273		189		0		187
1274		189		0		188
1275		193		0		185
1276		188		0		187
1277		187		0		188
1278		189		0		189
1279		183		0		188
1280		185		0		188
1281		187		0		188
1282		190		0		186
1283		187		0		188
1284		191		0		189
1285		192		0		189
1286		188		0		189
1287		190		0		188
1288		189		0		188
1289		191		0		186
1290		188		0		184
1291		193		0		185
1292		192		0		183
1293		199		0		187
1294		190		0		187
1295		188		0		186
1296		188		0		188
1297		187		0		187
1298		185		0		187
1299		185		0		187
1300		189		0		186
1301		185		0		188
1302		188		0		186
1303		192		0		184
1304		191		0		186
1305		185		0		186
1306		186		0		188
1307		184		0		188
1308		186		0		188
1309		190		0		188
1310		188		0		184
1311		186		0		184
1312		189		0		188
1313		189		0		187
1314		184		0		186
1315		187		0		186
1316		185		0		185
1317		187		0		184
1318		185		0		185
1319		186		0		188
1320		186		0		184
1321		182		0		187
1322		184		0		189
1323		183		0		186
1324		189		0		189
1325		189		0		186
1326		191		0		186
1327		197		0		191
1328		187		0		187
1329		186		0		186
1330		191		0		184
1331		188		0		185
1332		188		0		187
1333		193		0		187
1334		195		0		187
1335		186		0		188
1336		191		0		186
1337		193		0		187
1338		192		0		190
1339		193		0		186
1340		184		0		187
1341		185		0		185
1342		184		0		186
1343		187		0		186
1344		187		0		183
1345		185		0		186
1346		188		0		184
1347		188		0		187
1348		186		0		185
1349		190		0		184
1350		191		0		185
1351		189		0		186
1352		199		0		187
1353		196		0		190
1354		193		0		190
1355		199		0		191
1356		205		0		189
1357		204		0		189
1358		202		0		188
1359		202		0		187
1360		201		0		186
1361		202		0		186
1362		202		0		188
1363		203		0		189
1364		199		0		185
1365		199		0		187
1366		193		0		186
1367		199		0		185
1368		199		0		185
1369		191		0		187
1370		186		0		185
1371		192		0		184
1372		195		0		185
1373		191		0		187
1374		195		0		187
1375		193		0		187
1376		191		0		188
1377		194		0		184
1378		192		0		186
1379		195		0		189
1380		190		0		186
1381		187		0		184
1382		187		0		185
1383		185		0		186
1384		185		0		186
1385		187		0		187
1386		194		0		187
1387		200		0		186
1388		190		0		185
1389		193		0		186
1390		191		0		189
1391		194		0		188
1392		196		0		188
1393		200		0		188
1394		198		0		186
1395		194		0		186
1396		198		0		183
1397		196		0		184
1398		192		0		184
1399		190		0		189
1400		194		0		187
1401		192		0		189
1402		196		0		182
1403		193		0		181
1404		195		0		188
1405		197		0		188
1406		193		0		182
1407		189		0		190
1408		190		0		187
1409		187		0		186
1410		186		0		185
1411		188		0		187
1412		193		0		186
1413		188		0		184
1414		190		0		186
1415		189		0		186
1416		194		0		185
1417		191		0		186
1418		190		0		184
1419		185		0		187
1420		193		0		183
1421		195		0		187
1422		187		0		187
1423		185		0		185
1424		187		0		186
1425		192		0		186
1426		191		0		188
1427		191		0		184
1428		187		0		186
1429		187		0		187
1430		190		0		189
1431		187		0		188
1432		186		0		187
1433		187		0		187
1434		188		0		184
1435		192		0		182
1436		192		0		183
1437		191		0		182
1438		202		0		189
1439		194		0		187
1440		190		0		188
1441		188		0		185
1442		192		0		184
1443		192		0		187
1444		188		0		187
1445		188		0		185
1446		193		0		187
1447		196		0		189
1448		189		0		188
1449		185		0		188
1450		185		0		188
1451		192		0		188
1452		194		0		188
1453		199		0		185
1454		194		0		188
1455		194		0		187
1456		193		0		188
1457		192		0		189
1458		189		0		187
1459		191		0		190
1460		189		0		189
1461		191		0		189
1462		190		0		187
1463		190		0		187
1464		194		0		187
1465		186		0		189
1466		194		0		184
1467		193		0		186
1468		198		0		186
1469		203		0		184
1470		210		0		183
1471		191		0		187
1472		188		0		186
1473		183		0		189
1474		181		0		188
1475		184		0		186
1476		184		0		193
1477		188		0		192
1478		187		0		190
1479		188		0		187
1480		183		0		191
1481		183		0		187
1482		181		0		186
1483		184		0		185
1484		187		0		188
1485		187		0		186
1486		192		0		191
1487		191		0		185
1488		197		0		188
1489		185		0		187
1490		187		0		186
1491		185		0		186
1492		184		0		187
1493		186		0		187
1494		188		0		187
1495		181		0		186
1496		184		0		189
1497		184		0		186
1498		184		0		185
1499		181		0		188
1500		180		0		186
1501		188		0		186
1502		197		0		188
1503		189		0		189
1504		188		0		187
1505		187		0		186
1506		185		0		189
1507		184		0		188
1508		187		0		191
1509		185		0		191
1510		186		0		186
1511		187		0		185
1512		186		0		184
1513		188		0		189
1514		186		0		190
1515		189		0		185
1516		186		0		188
1517		189		0		189
1518		190		0		186
1519		188		0		189
1520		187		0		187
1521		191		0		185
1522		191		0		189
1523		194		0		189
1524		186		0		186
1525		186		0		185
1526		185		0		188
1527		187		0		189
1528		184		0		191
1529		186		0		191
1530		181		0		189
1531		184		0		186
1532		184		0		188
1533		185		0		185
1534		185		0		184
1535		185		0		186
1536		192		0		186
1537		196		0		191
1538		184		0		189
1539		187		0		191
1540		189		0		188
1541		189		0		189
1542		189		0		188
1543		193		0		183
1544		186		0		184
1545		188		0		185
1546		193		0		186
1547		192		0		191
1548		191		0		189
1549		197		0		188
1550		196		0		190
1551		203		0		184
1552		197		0		187
1553		192		0		188
1554		195		0		189
1555		196		0		189
1556		199		0		188
1557		199		0		186
1558		197		0		188
1559		194		0		188
1560		205		0		188
1561		197		0		185
1562		194		0		186
1563		191		0		186
1564		191		0		183
1565		190		0		185
1566		180		0		188
1567		184		0		186
1568		181		0		189
1569		184		0		186
1570		184		0		192
1571		185		0		188
1572		188		0		187
1573		183		0		190
1574		184		0		191
1575		188		0		189
1576		186		0		188
1577		185		0		189
1578		186		0		187
1579		191		0		189
1580		184		0		193
1581		186		0		189
1582		187		0		184
1583		187		0		185
1584		180		0		184
1585		178		0		185
1586		181		0		186
1587		183		0		186
1588		182		0		183
1589		183		0		184
1590		181		0		188
1591		185		0		187
1592		184		0		190
1593		185		0		192
1594		181		0		188
1595		180		0		187
1596		184		0		188
1597		186		0		186
1598		192		0		186
1599		186		0		186
1600		185		0		186
1601		190		0		185
1602		185		0		189
1603		183		0		189
1604		183		0		185
1605		180		0		183
1606		186		0		184
1607		186		0		191
1608		185		0		188
1609		187		0		188
1610		186		0		185
1611		184		0		187
1612		185		0		185
1613		180		0		189
1614		183		0		186
1615		181		0		186
1616		186		0		187
1617		183		0		188
1618		184		0		185
1619		186		0		187
1620		180		0		188
1621		181		0		186
1622		180		0		187
1623		181		0		187
1624		186		0		184
1625		180		0		190
1626		180		0		188
1627		184		0		188
1628		179		0		185
1629		180		0		187
1630		181		0		188
1631		180		0		186
1632		179		0		185
1633		181		0		184
1634		177		0		186
1635		183		0		187
1636		182		0		188
1637		180		0		188
1638		186		0		187
1639		182		0		184
1640		190		0		190
1641		181		0		185
1642		187		0		184
1643		187		0		185
1644		182		0		184
1645		183		0		185
1646		186		0		182
1647		188		0		188
1648		175		0		187
1649		172		0		187
1650		172		0		188
1651		172		0		187
1652		175		0		190
1653		176		0		187
1654		180		0		185
1655		179		0		187
1656		179		0		188
1657		179		0		188
1658		175		0		184
1659		174		0		187
1660		175		0		188
1661		174		0		187
1662		175		0		187
1663		175		0		187
1664		173		0		188
1665		172		0		187
1666		172		0		187
1667		171		0		188
1668		177		0		188
1669		175		0		187
1670		176		0		190
1671		173		0		190
1672		173		0		190
1673		175		0		191
1674		179		0		189
1675		180		0		188
1676		178		0		190
1677		177		0		189
1678		175		0		190
1679		174		0		189
1680		169		0		189
1681		173		0		186
1682		174		0		188
1683		175		0		188
1684		170		0		190
1685		169		0		191
1686		174		0		185
1687		172		0		186
1688		168		0		187
1689		170		0		188
1690		175		0		188
1691		169		0		188
1692		173		0		189
1693		167		0		189
1694		168		0		191
1695		169		0		188
1696		174		0		188
1697		167		0		187
1698		169		0		187
1699		169		0		190
1700		167		0		188
1701		165		0		188
1702		164		0		190
1703		167		0		185
1704		169		0		184
1705		171		0		188
1706		171		0		189
1707		165		0		186
1708		165		0		186
1709		168		0		184
1710		168		0		185
1711		171		0		188
1712		173		0		190
1713		168		0		189
1714		166		0		190
1715		168		0		191
1716		170		0		191
1717		166		0		190
1718		165		0		188
1719		165		0		189
1720		164		0		190
1721		163		0		188
1722		165		0		186
1723		163		0		188
1724		163		0		188
1725		167		0		186
1726		171		0		191
1727		165		0		186
1728		167		0		190
1729		163		0		188
1730		163		0		188
1731		163		0		188
1732		163		0		188
1733		165		0		188
1734		165		0		188
1735		167		0		187
1736		167		0		188
1737		165		0		189
1738		167		0		188
1739		165		0		190
1740		167		0		189
1741		165		0		188
1742		165		0		188
1743		169		0		189
1744		163		0		188
1745		164		0		190
1746		164		0		190
1747		163		0		188
1748		163		0		188
1749		164		0		186
1750		164		0		186
1751		164		0		186
1752		170		0		181
1753		166		0		184
1754		169		0		185
1755		174		0		185
1756		175		0		187
1757		169		0		188
1758		164		0		190
1759		164		0		186
1760		167		0		189
1761		167		0		189
1762		165		0		190
1763		167		0		191
1764		168		0		193
1765		167		0		190
1766		169		0		188
1767		174		0		189
1768		172		0		190
1769		166		0		189
1770		166		0		188
1771		165		0		185
1772		165		0		188
1773		167		0		190
1774		169		0		191
1775		166		0		192
1776		168		0		189
1777		166		0		191
1778		166		0		188
1779		162		0		189
1780		166		0		188
1781		166		0		188
1782		164		0		187
1783		166		0		186
1784		167		0		184
1785		167		0		187
1786		166		0		190
1787		164		0		190
1788		166		0		188
1789		166		0		187
1790		164		0		189
1791		162		0		189
1792		166		0		190
1793		168		0		191
1794		164		0		189
1795		168		0		188
1796		162		0		189
1797		164		0		190
1798		162		0		189
1799		164		0		190
1800		162		0		189
1801		164		0		187
1802		164		0		189
1803		166		0		185
1804		166		0		185
1805		164		0		187
1806		167		0		186
1807		167		0		186
1808		162		0		189
1809		166		0		186
1810		166		0		188
1811		164		0		187
1812		166		0		189
1813		162		0		189
1814		162		0		189
1815		164		0		187
1816		166		0		185
1817		166		0		185
1818		168		0		186
1819		166		0		185
1820		164		0		187
1821		164		0		190
1822		163		0		187
1823		165		0		186
1824		167		0		185
1825		167		0		190
1826		169		0		190
1827		169		0		188
1828		167		0		186
1829		166		0		188
1830		164		0		190
1831		162		0		189
1832		162		0		189
1833		167		0		186
1834		171		0		186
1835		173		0		185
1836		167		0		186
1837		167		0		188
1838		165		0		188
1839		165		0		188
1840		162		0		189
1841		162		0		189
1842		164		0		187
1843		162		0		189
1844		164		0		190
1845		166		0		191
1846		162		0		189
1847		170		0		188
1848		166		0		189
1849		166		0		190
1850		162		0		189
1851		169		0		187
1852		173		0		189
1853		180		0		190
1854		169		0		188
1855		165		0		188
1856		168		0		192
1857		166		0		186
1858		170		0		185
1859		170		0		185
1860		170		0		186
1861		164		0		186
1862		166		0		184
1863		166		0		185
1864		170		0		185
1865		165		0		189
1866		168		0		191
1867		171		0		190
1868		169		0		189
1869		170		0		190
1870		172		0		190
1871		169		0		188
1872		166		0		188
1873		168		0		192
1874		164		0		186
1875		166		0		191
1876		163		0		188
1877		164		0		190
1878		163		0		188
1879		168		0		187
1880		167		0		186
1881		165		0		187
1882		167		0		188
1883		165		0		189
1884		166		0		192
1885		168		0		193
1886		166		0		191
1887		168		0		190
1888		166		0		189
1889		166		0		189
1890		168		0		189
1891		170		0		187
1892		172		0		189
1893		165		0		186
1894		171		0		188
1895		181		0		187
1896		179		0		188
1897		171		0		185
1898		167		0		189
1899		166		0		185
1900		168		0		184
1901		168		0		184
1902		165		0		188
1903		167		0		187
1904		163		0		187
1905		169		0		187
1906		167		0		186
1907		166		0		189
1908		164		0		191
1909		164		0		191
1910		164		0		191
1911		166		0		190
1912		164		0		191
1913		167		0		189
1914		167		0		189
1915		162		0		189
1916		164		0		188
1917		164		0		189
1918		164		0		189
1919		164		0		189
1920		164		0		189
1921		162		0		189
1922		166		0		189
1923		166		0		191
1924		167		0		187
1925		167		0		186
1926		169		0		188
1927		171		0		189
1928		168		0		192
1929		166		0		189
1930		172		0		187
1931		168		0		190
1932		168		0		187
1933		170		0		188
1934		168		0		187
1935		166		0		189
1936		168		0		188
1937		166		0		187
1938		164		0		190
1939		168		0		188
1940		164		0		190
1941		162		0		189
1942		166		0		192
1943		162		0		189
1944		164		0		188
1945		164		0		188
1946		162		0		189
1947		162		0		189
1948		164		0		190
1949		166		0		190
1950		170		0		189
1951		163		0		187
1952		167		0		183
1953		166		0		185
1954		162		0		189
1955		164		0		190
1956		168		0		188
1957		164		0		187
1958		164		0		190
1959		162		0		189
1960		164		0		188
1961		162		0		189
1962		168		0		192
1963		166		0		191
1964		168		0		192
1965		164		0		189
1966		162		0		189
1967		162		0		189
1968		163		0		187
1969		164		0		188
1970		164		0		188
1971		167		0		187
1972		165		0		188
1973		167		0		187
1974		167		0		189
1975		167		0		189
1976		167		0		186
1977		166		0		188
1978		166		0		188
1979		166		0		188
1980		168		0		188
1981		164		0		189
1982		164		0		189
1983		164		0		189
1984		162		0		189
1985		162		0		189
1986		164		0		188
1987		164		0		188
1988		166		0		190
1989		164		0		191
1990		166		0		188
1991		166		0		188
1992		164		0		188
1993		164		0		188
1994		164		0		188
1995		164		0		188
1996		164		0		188
1997		163		0		187
1998		163		0		187
1999		162		0		189
2000		162		0		189
2001		162		0		189
2002		164		0		191
2003		162		0		189
2004		163		0		187
2005		165		0		186
2006		163		0		187
2007		163		0		187
2008		165		0		185
2009		165		0		188
2010		165		0		188
2011		163		0		187
2012		163		0		187
2013		165		0		186
2014		165		0		189
2015		167		0		190
2016		162		0		189
2017		168		0		189
2018		172		0		192
2019		168		0		189
2020		164		0		187
2021		168		0		187
2022		166		0		186
2023		162		0		189
2024		162		0		189
2025		164		0		187
2026		164		0		187
2027		168		0		191
2028		166		0		192
2029		164		0		190
2030		167		0		189
2031		164		0		190
2032		165		0		188
2033		167		0		187
2034		167		0		187
2035		167		0		187
2036		170		0		186
2037		162		0		189
2038		162		0		189
2039		162		0		189
2040		164		0		188
2041		164		0		188
2042		166		0		189
2043		167		0		184
2044		167		0		184
2045		167		0		187
2046		167		0		187
2047		165		0		188
2048		166		0		190
2049		166		0		189
2050		167		0		187
2051		168		0		187
2052		166		0		191
2053		165		0		189
2054		168		0		192
2055		170		0		191
2056		168		0		192
2057		170		0		191
2058		166		0		190
2059		166		0		190
2060		165		0		186
2061		165		0		186
2062		168		0		189
2063		166		0		190
2064		167		0		186
2065		168		0		189
2066		169		0		185
2067		173		0		187
2068		163		0		188
2069		165		0		186
2070		166		0		188
2071		165		0		186
2072		165		0		189
2073		167		0		185
2074		165		0		186
2075		166		0		188
2076		164		0		190
2077		165		0		188
2078		167		0		190
2079		167		0		189
2080		171		0		189
2081		163		0		188
2082		167		0		188
2083		164		0		190
2084		164		0		190
2085		165		0		188
2086		165		0		188
2087		166		0		188
2088		164		0		190
2089		166		0		191
2090		168		0		190
2091		166		0		191
2092		166		0		189
2093		165		0		187
2094		165		0		187
2095		167		0		186
2096		163		0		188
2097		167		0		189
2098		173		0		186
2099		167		0		186
2100		167		0		187
2101		168		0		189
2102		168		0		189
2103		168		0		189
2104		175		0		191
2105		168		0		190
2106		165		0		189
2107		166		0		187
2108		169		0		186
2109		166		0		190
2110		168		0		189
2111		169		0		185
2112		169		0		189
2113		167		0		186
2114		163		0		188
2115		163		0		188
2116		165		0		187
2117		163		0		188
2118		163		0		188
2119		166		0		190
2120		169		0		189
2121		163		0		188
2122		166		0		187
2123		164		0		190
2124		166		0		192
2125		167		0		190
2126		169		0		188
2127		169		0		188
2128		175		0		187
2129		168		0		189
2130		165		0		189
2131		164		0		190
2132		163		0		188
2133		164		0		190
2134		168		0		185
2135		164		0		186
2136		166		0		184
2137		166		0		184
2138		166		0		184
2139		166		0		187
2140		163		0		188
2141		166		0		185
2142		166		0		184
2143		166		0		185
2144		163		0		188
2145		164		0		186
2146		165		0		186
2147		163		0		188
2148		163		0		188
2149		163		0		188
2150		164		0		190
2151		166		0		190
2152		163		0		188
2153		165		0		186
2154		167		0		188
2155		170		0		185
2156		163		0		188
2157		163		0		188
2158		163		0		188
2159		163		0		188
2160		165		0		189
2161		165		0		189
2162		167		0		187
2163		176		0		189
2164		169		0		188
2165		171		0		189
2166		170		0		187
2167		165		0		187
2168		170		0		187
2169		172		0		185
2170		174		0		183
2171		172		0		184
2172		163		0		188
2173		164		0		190
2174		164		0		186
2175		168		0		186
2176		167		0		185
2177		167		0		187
2178		166		0		184
2179		172		0		187
2180		169		0		191
2181		165		0		188
2182		170		0		190
2183		166		0		191
2184		166		0		191
2185		167		0		187
2186		163		0		188
2187		165		0		189
2188		167		0		191
2189		163		0		188
2190		164		0		190
2191		172		0		185
2192		171		0		188
2193		173		0		190
2194		170		0		189
2195		173		0		190
2196		176		0		190
2197		177		0		191
2198		174		0		186
2199		174		0		186
2200		172		0		187
2201		172		0		187
2202		170		0		185
2203		173		0		184
2204		172		0		185
2205		172		0		185
2206		169		0		189
2207		172		0		187
2208		169		0		185
2209		173		0		185
2210		170		0		187
2211		173		0		190
2212		174		0		189
2213		172		0		187
2214		172		0		189
2215		173		0		188
2216		174		0		189
2217		170		0		187
2218		169		0		187
2219		172		0		191
2220		169		0		187
2221		169		0		189
2222		170		0		190
2223		165		0		187
2224		166		0		185
2225		168		0		185
2226		169		0		188
2227		171		0		185
2228		178		0		186
2229		179		0		186
2230		175		0		187
2231		168		0		186
2232		169		0		188
2233		169		0		188
2234		168		0		187
2235		164		0		185
2236		164		0		185
2237		164		0		185
2238		165		0		187
2239		167		0		190
2240		165		0		188
2241		165		0		187
2242		166		0		186
2243		164		0		185
2244		166		0		185
2245		166		0		183
2246		164		0		189
2247		171		0		186
2248		167		0		187
2249		167		0		188
2250		165		0		187
2251		167		0		185
2252		165		0		184
2253		167		0		185
2254		168		0		186
2255		168		0		188
2256		164		0		189
2257		162		0		188
2258		164		0		187
2259		164		0		187
2260		164		0		187
2261		164		0		189
2262		164		0		189
2263		164		0		189
2264		168		0		189
2265		171		0		186
2266		173		0		186
2267		172		0		187
2268		166		0		190
2269		164		0		189
2270		166		0		187
2271		168		0		188
2272		168		0		188
2273		164		0		188
2274		168		0		188
2275		166		0		188
2276		168		0		186
2277		168		0		189
2278		169		0		184
2279		168		0		186
2280		164		0		188
2281		164		0		188
2282		162		0		188
2283		164		0		189
2284		168		0		192
2285		164		0		190
2286		166		0		188
2287		166		0		187
2288		167		0		185
2289		170		0		188
2290		166		0		189
2291		164		0		189
2292		166		0		187
2293		166		0		187
2294		168		0		187
2295		168		0		187
2296		164		0		188
2297		164		0		190
2298		164		0		190
2299		166		0		191
2300		164		0		189
2301		163		0		186
2302		162		0		188
2303		162		0		188
2304		162		0		188
2305		164		0		189
2306		165		0		187
2307		163		0		186
2308		162		0		188
2309		164		0		189
2310		162		0		188
2311		174		0		185
2312		166		0		187
2313		169		0		187
2314		166		0		190
2315		168		0		188
2316		165		0		187
2317		167		0		188
2318		164		0		188
2319		162		0		188
2320		162		0		188
2321		166		0		190
2322		166		0		189
2323		171		0		188
2324		168		0		187
2325		165		0		189
2326		165		0		189
2327		166		0		187
2328		172		0		189
2329		170		0		194
2330		165		0		184
2331		167		0		182
2332		167		0		182
2333		169		0		185
2334		167		0		185
2335		167		0		182
2336		168		0		189
2337		164		0		190
2338		165		0		188
2339		167		0		186
2340		163		0		186
2341		162		0		188
2342		166		0		187
2343		164		0		189
2344		166		0		191
2345		168		0		189
2346		164		0		189
2347		164		0		189
2348		164		0		189
2349		165		0		185
2350		167		0		188
2351		165		0		185
2352		162		0		188
2353		164		0		187
2354		164		0		186
2355		166		0		185
2356		167		0		183
2357		165		0		185
2358		165		0		188
2359		165		0		184
2360		162		0		188
2361		162		0		188
2362		164		0		187
2363		162		0		188
2364		162		0		188
2365		162		0		188
2366		163		0		186
2367		165		0		184
2368		169		0		183
2369		173		0		185
2370		171		0		187
2371		166		0		188
2372		170		0		187
2373		172		0		186
2374		174		0		186
2375		168		0		189
2376		165		0		185
2377		162		0		188
2378		162		0		188
2379		165		0		184
2380		163		0		186
2381		163		0		186
2382		165		0		186
2383		166		0		186
2384		167		0		187
2385		164		0		188
2386		162		0		188
2387		162		0		188
2388		166		0		185
2389		164		0		186
2390		162		0		188
2391		162		0		188
2392		164		0		186
2393		166		0		188
2394		168		0		188
2395		168		0		189
2396		166		0		188
2397		168		0		186
2398		170		0		187
2399		170		0		187
2400		164		0		187
2401		164		0		188
2402		166		0		187
2403		164		0		189
2404		167		0		184
2405		165		0		185
2406		166		0		185
2407		169		0		183
2408		169		0		186
2409		175		0		184
2410		171		0		188
2411		163		0		186
2412		167		0		186
2413		165		0		184
2414		167		0		186
2415		163		0		186
2416		163		0		186
2417		165		0		187
2418		171		0		191
2419		171		0		191
2420		171		0		190
2421		168		0		191
2422		164		0		190
2423		166		0		188
2424		162		0		188
2425		166		0		189
2426		162		0		188
2427		162		0		188
2428		162		0		188
2429		164		0		189
2430		162		0		188
2431		168		0		190
2432		166		0		188
2433		167		0		185
2434		167		0		189
2435		166		0		191
2436		164		0		189
2437		162		0		188
2438		162		0		188
2439		162		0		188
2440		162		0		188
2441		168		0		188
2442		167		0		188
2443		168		0		189
2444		171		0		184
2445		165		0		185
2446		164		0		187
2447		164		0		187
2448		164		0		187
2449		164		0		190
2450		168		0		187
2451		164		0		190
2452		164		0		190
2453		164		0		190
2454		164		0		190
2455		166		0		188
2456		162		0		189
2457		164		0		190
2458		162		0		189
2459		162		0		189
2460		168		0		189
2461		166		0		192
2462		169		0		188
2463		169		0		184
2464		169		0		185
2465		168		0		184
2466		169		0		185
2467		171		0		189
2468		167		0		187
2469		165		0		186
2470		167		0		188
2471		167		0		189
2472		169		0		187
2473		174		0		190
2474		166		0		187
2475		170		0		187
2476		166		0		189
2477		168		0		190
2478		168		0		190
2479		168		0		192
2480		166		0		190
2481		163		0		187
2482		163		0		187
2483		164		0		185
2484		165		0		187
2485		165		0		188
2486		165		0		188
2487		167		0		190
2488		168		0		185
2489		168		0		188
2490		173		0		188
2491		166		0		189
2492		167		0		187
2493		173		0		185
2494		172		0		185
2495		173		0		186
2496		175		0		184
2497		173		0		187
2498		170		0		185
2499		168		0		184
2500		168		0		184
2501		165		0		185
2502		169		0		186
2503		169		0		188
2504		166		0		187
2505		166		0		186
2506		168		0		184
2507		164		0		185
2508		163		0		187
2509		166		0		185
2510		167		0		186
2511		165		0		187
2512		164		0		189
2513		162		0		189
2514		162		0		189
2515		167		0		189
2516		165		0		184
2517		163		0		186
2518		163		0		186
2519		164		0		186
2520		168		0		186
2521		168		0		186
2522		163		0		186
2523		163		0		186
2524		163		0		186
2525		163		0		186
2526		163		0		186
2527		163		0		186
2528		165		0		188
2529		163		0		186
2530		163		0		186
2531		166		0		183
2532		167		0		186
2533		166		0		186
2534		164		0		184
2535		164		0		184
2536		167		0		184
2537		173		0		188
2538		169		0		185
2539		166		0		191
2540		167		0		187
2541		165		0		184
2542		163		0		186
2543		167		0		190
2544		167		0		189
2545		165		0		188
2546		165		0		187
2547		164		0		187
2548		165		0		185
2549		164		0		187
2550		164		0		187
2551		162		0		188
2552		162		0		188
2553		163		0		186
2554		162		0		188
2555		164		0		190
2556		166		0		191
2557		168		0		189
2558		166		0		188
2559		164		0		189
2560		166		0		190
2561		168		0		187
2562		164		0		190
2563		166		0		191
2564		164		0		186
2565		164		0		186
2566		164		0		187
2567		164		0		187
2568		164		0		187
2569		166		0		189
2570		164		0		189
2571		166		0		188
2572		168		0		189
2573		168		0		189
2574		169		0		187
2575		172		0		186
2576		164		0		186
2577		163		0		186
2578		165		0		188
2579		167		0		186
2580		162		0		188
2581		162		0		188
2582		164		0		190
2583		166		0		187
2584		166		0		188
2585		169		0		184
2586		169		0		187
2587		163		0		186
2588		165		0		188
2589		167		0		187
2590		171		0		187
2591		173		0		185
2592		170		0		186
2593		167		0		186
2594		165		0		188
2595		167		0		183
2596		168		0		185
2597		166		0		188
2598		169		0		187
2599		167		0		189
2600		167		0		186
2601		164		0		187
2602		166		0		187
2603		166		0		185
2604		164		0		186
2605		168		0		190
2606		164		0		190
2607		164		0		190
2608		162		0		188
2609		164		0		186
2610		162		0		188
2611		164		0		186
2612		166		0		187
2613		167		0		186
2614		165		0		186
2615		167		0		187
2616		166		0		185
2617		163		0		186
2618		164		0		188
2619		164		0		184
2620		167		0		187
2621		169		0		185
2622		167		0		184
2623		169		0		185
2624		163		0		187
2625		169		0		187
2626		165		0		188
2627		167		0		190
2628		169		0		191
2629		171		0		189
2630		167		0		190
2631		172		0		186
2632		167		0		187
2633		170		0		186
2634		168		0		185
2635		167		0		187
2636		167		0		188
2637		170		0		187
2638		168		0		188
2639		168		0		188
2640		165		0		188
2641		169		0		188
2642		168		0		185
2643		172		0		187
2644		170		0		189
2645		172		0		191
2646		173		0		190
2647		168		0		190
2648		168		0		190
2649		165		0		185
2650		169		0		189
2651		171		0		189
2652		171		0		187
2653		173		0		188
2654		163		0		187
2655		169		0		188
2656		163		0		187
2657		165		0		186
2658		163		0		187
2659		164		0		185
2660		168		0		185
2661		168		0		183
2662		167		0		187
2663		165		0		188
2664		165		0		188
2665		163		0		187
2666		169		0		191
2667		173		0		190
2668		173		0		190
2669		181		0		191
2670		175		0		191
2671		171		0		189
2672		167		0		189
2673		167		0		187
2674		171		0		184
2675		173		0		183
2676		169		0		183
2677		165		0		185
2678		169		0		187
2679		169		0		187
2680		170		0		185
2681		167		0		187
2682		167		0		190
2683		173		0		190
2684		171		0		188
2685		168		0		188
2686		168		0		185
2687		167		0		186
2688		170		0		186
2689		169		0		186
2690		163		0		187
2691		169		0		186
2692		173		0		186
2693		167		0		187
2694		163		0		187
2695		167		0		188
2696		167		0		188
2697		167		0		188
2698		165		0		187
2699		163		0		187
2700		165		0		186
2701		171		0		185
2702		165		0		188
2703		165		0		186
2704		165		0		186
2705		165		0		188
2706		167		0		187
2707		164		0		185
2708		165		0		187
2709		165		0		188
2710		167		0		187
2711		165		0		189
2712		171		0		189
2713		163		0		187
2714		165		0		188
2715		164		0		185
2716		166		0		185
2717		170		0		186
2718		170		0		187
2719		170		0		185
2720		166		0		184
2721		170		0		187
2722		166		0		187
2723		166		0		186
2724		166		0		186
2725		166		0		187
2726		167		0		190
2727		165		0		188
2728		167		0		186
2729		165		0		186
2730		163		0		187
2731		163		0		187
2732		165		0		189
2733		168		0		187
2734		172		0		187
2735		176		0		185
2736		166		0		184
2737		170		0		183
2738		174		0		183
2739		170		0		184
2740		170		0		184
2741		170		0		184
2742		170		0		187
2743		168		0		188
2744		168		0		188
2745		166		0		187
2746		167		0		190
2747		171		0		191
2748		169		0		187
2749		164		0		185
2750		165		0		189
2751		169		0		187
2752		163		0		187
2753		166		0		186
2754		167		0		186
2755		165		0		185
2756		170		0		184
2757		175		0		186
2758		170		0		189
2759		176		0		187
2760		175		0		184
2761		171		0		186
2762		168		0		187
2763		170		0		187
2764		169		0		187
2765		170		0		188
2766		171		0		186
2767		173		0		184
2768		171		0		185
2769		171		0		188
2770		165		0		188
2771		172		0		185
2772		165		0		187
2773		167		0		189
2774		168		0		187
2775		168		0		187
2776		167		0		189
2777		165		0		189
2778		167		0		187
2779		169		0		187
2780		175		0		189
2781		174		0		188
2782		169		0		186
2783		176		0		187
2784		171		0		184
2785		169		0		188
2786		176		0		188
2787		173		0		185
2788		171		0		188
2789		167		0		190
2790		167		0		188
2791		165		0		188
2792		165		0		188
2793		163		0		187
2794		165		0		185
2795		163		0		187
2796		165		0		187
2797		163		0		187
2798		165		0		188
2799		165		0		189
2800		163		0		187
2801		167		0		190
2802		174		0		190
2803		169		0		189
2804		166		0		187
2805		168		0		189
2806		170		0		187
2807		165		0		187
2808		164		0		185
2809		166		0		186
2810		168		0		186
2811		168		0		186
2812		168		0		186
2813		164		0		185
2814		164		0		185
2815		163		0		187
2816		163		0		187
2817		165		0		189
2818		165		0		186
2819		163		0		187
2820		171		0		188
2821		167		0		190
2822		167		0		186
2823		170		0		185
2824		166		0		187
2825		165		0		187
2826		163		0		187
2827		165		0		188
2828		165		0		188
2829		165		0		190
2830		167		0		191
2831		173		0		192
2832		170		0		190
2833		165		0		188
2834		169		0		186
2835		167		0		188
2836		169		0		187
2837		163		0		189
2838		165		0		190
2839		171		0		190
2840		163		0		189
2841		168		0		187
2842		166		0		186
2843		168		0		185
2844		166		0		185
2845		164		0		187
2846		166		0		188
2847		166		0		188
2848		163		0		189
2849		163		0		189
2850		163		0		189
2851		163		0		189
2852		165		0		189
2853		165		0		189
2854		167		0		188
2855		167		0		189
2856		163		0		189
2857		165		0		190
2858		169		0		189
2859		169		0		189
2860		169		0		190
2861		167		0		191
2862		171		0		191
2863		171		0		193
2864		171		0		191
2865		174		0		190
2866		169		0		188
2867		165		0		188
2868		165		0		188
2869		165		0		188
2870		165		0		188
2871		167		0		187
2872		166		0		188
2873		166		0		188
2874		168		0		189
2875		164		0		190
2876		164		0		190
2877		169		0		186
2878		166		0		191
2879		170		0		190
2880		172		0		190
2881		171		0		190
2882		170		0		188
2883		167		0		187
2884		164		0		189
2885		169		0		186
2886		169		0		186
2887		174		0		189
2888		170		0		189
2889		172		0		188
2890		168		0		188
2891		173		0		187
2892		171		0		187
2893		169		0		188
2894		166		0		188
2895		172		0		186
2896		172		0		187
2897		170		0		187
2898		171		0		188
2899		166		0		189
2900		168		0		190
2901		168		0		189
2902		166		0		190
2903		173		0		188
2904		173		0		189
2905		167		0		185
2906		164		0		189
2907		166		0		188
2908		170		0		188
2909		171		0		187
2910		169		0		185
2911		175		0		186
2912		170		0		189
2913		170		0		186
2914		166		0		189
2915		164		0		189
2916		164		0		189
2917		172		0		188
2918		173		0		188
2919		171		0		185
2920		168		0		186
2921		173		0		190
2922		170		0		187
2923		164		0		189
2924		164		0		189
2925		166		0		189
2926		167		0		187
2927		167		0		187
2928		164		0		189
2929		166		0		188
2930		166		0		188
2931		166		0		189
2932		169		0		185
2933		170		0		188
2934		170		0		187
2935		168		0		187
2936		166		0		187
2937		168		0		188
2938		168		0		190
2939		166		0		188
2940		166		0		188
2941		171		0		185
2942		166		0		188
2943		168		0		189
2944		170		0		188
2945		171		0		185
2946		166		0		188
2947		167		0		186
2948		167		0		188
2949		167		0		185
2950		177		0		187
2951		176		0		186
2952		177		0		188
2953		166		0		186
2954		166		0		188
2955		166		0		187
2956		166		0		186
2957		167		0		184
2958		172		0		183
2959		172		0		186
2960		164		0		188
2961		169		0		187
2962		170		0		187
2963		173		0		185
2964		167		0		189
2965		167		0		185
2966		164		0		188
2967		167		0		191
2968		166		0		188
2969		168		0		187
2970		166		0		187
2971		166		0		188
2972		165		0		186
2973		166		0		188
2974		166		0		188
2975		165		0		190
2976		167		0		185
2977		173		0		188
2978		175		0		185
2979		171		0		184
2980		169		0		187
2981		167		0		187
2982		166		0		188
2983		171		0		185
2984		167		0		186
2985		167		0		186
2986		167		0		186
2987		165		0		186
2988		167		0		185
2989		167		0		187
2990		172		0		188
2991		169		0		186
2992		167		0		186
2993		169		0		186
2994		170		0		188
2995		165		0		190
2996		172		0		188
2997		172		0		189
2998		166		0		187
2999		167		0		188
3000		171		0		186
3001		167		0		187
3002		166		0		189
3003		169		0		186
3004		170		0		189
3005		169		0		185
3006		166		0		188
3007		166		0		187
3008		170		0		187
3009		167		0		186
3010		167		0		190
3011		170		0		190
3012		170		0		187
3013		167		0		184
3014		167		0		187
3015		166		0		189
3016		168		0		190
3017		170		0		188
3018		170		0		188
3019		166		0		187
3020		166		0		189
3021		164		0		188
3022		164		0		188
3023		170		0		187
3024		169		0		191
3025		168		0		189
3026		167		0		185
3027		171		0		184
3028		168		0		185
3029		166		0		188
3030		166		0		187
3031		174		0		184
3032		170		0		187
3033		169		0		185
3034		171		0		183
3035		169		0		186
3036		169		0		185
3037		167		0		186
3038		167		0		187
3039		164		0		188
3040		165		0		190
3041		168		0		186
3042		166		0		187
3043		164		0		188
3044		169		0		187
3045		175		0		187
3046		173		0		188
3047		166		0		188
3048		169		0		185
3049		167		0		185
3050		166		0		186
3051		166		0		189
3052		167		0		187
3053		169		0		186
3054		174		0		190
3055		172		0		187
3056		171		0		183
3057		170		0		187
3058		172		0		188
3059		168		0		189
3060		170		0		187
3061		169		0		187
3062		167		0		187
3063		167		0		187
3064		167		0		187
3065		166		0		188
3066		170		0		187
3067		168		0		187
3068		169		0		192
3069		170		0		190
3070		167		0		184
3071		167		0		184
3072		172		0		186
3073		167		0		184
3074		169		0		183
3075		170		0		188
3076		167		0		191
3077		170		0		187
3078		168		0		187
3079		167		0		187
3080		167		0		187
3081		169		0		185
3082		169		0		185
3083		172		0		189
3084		172		0		189
3085		173		0		185
3086		170		0		187
3087		170		0		187
3088		168		0		186
3089		166		0		188
3090		164		0		188
3091		166		0		188
3092		166		0		188
3093		171		0		186
3094		172		0		184
3095		168		0		186
3096		170		0		187
3097		166		0		188
3098		166		0		188
3099		171		0		183
3100		169		0		188
3101		171		0		186
3102		169		0		187
3103		172		0		185
3104		170		0		186
3105		173		0		188
3106		170		0		190
3107		170		0		189
3108		174		0		186
3109		176		0		185
3110		177		0		187
3111		175		0		189
3112		172		0		188
3113		172		0		188
3114		175		0		188
3115		175		0		187
3116		175		0		184
3117		172		0		186
3118		173		0		188
3119		171		0		188
3120		176		0		188
3121		174		0		189
3122		178		0		189
3123		172		0		187
3124		174		0		188
3125		178		0		190
3126		170		0		189
3127		172		0		187
3128		172		0		185
3129		170		0		186
3130		172		0		185
3131		174		0		186
3132		174		0		189
3133		170		0		186
3134		167		0		185
3135		167		0		185
3136		171		0		183
3137		171		0		188
3138		176		0		187
3139		172		0		189
3140		170		0		187
3141		172		0		185
3142		171		0		185
3143		170		0		185
3144		175		0		188
3145		173		0		185
3146		171		0		185
3147		174		0		187
3148		171		0		186
3149		170		0		186
3150		172		0		185
3151		174		0		187
3152		170		0		186
3153		174		0		185
3154		173		0		184
3155		173		0		185
3156		175		0		186
3157		171		0		184
3158		177		0		185
3159		172		0		185
3160		170		0		185
3161		172		0		184
3162		177		0		185
3163		179		0		186
3164		178		0		187
3165		173		0		186
3166		175		0		184
3167		176		0		185
3168		176		0		185
3169		175		0		186
3170		175		0		186
3171		171		0		187
3172		170		0		185
3173		175		0		185
3174		172		0		186
3175		174		0		185
3176		177		0		185
3177		174		0		181
3178		172		0		183
3179		172		0		185
3180		169		0		186
3181		169		0		184
3182		171		0		184
3183		170		0		186
3184		170		0		185
3185		174		0		187
3186		175		0		184
3187		175		0		187
3188		174		0		189
3189		181		0		189
3190		175		0		187
3191		173		0		188
3192		178		0		184
3193		180		0		184
3194		174		0		184
3195		170		0		182
3196		169		0		184
3197		170		0		186
3198		172		0		185
3199		169		0		186
3200		175		0		187
3201		175		0		186
3202		170		0		186
3203		174		0		188
3204		178		0		187
3205		180		0		189
3206		177		0		188
3207		173		0		188
3208		171		0		184
3209		175		0		185
3210		175		0		184
3211		172		0		185
3212		171		0		184
3213		173		0		184
3214		175		0		186
3215		175		0		183
3216		171		0		183
3217		169		0		182
3218		176		0		189
3219		171		0		186
3220		175		0		188
3221		172		0		186
3222		168		0		187
3223		168		0		186
3224		167		0		184
3225		168		0		184
3226		170		0		184
3227		169		0		185
3228		171		0		190
3229		173		0		189
3230		170		0		188
3231		171		0		187
3232		173		0		185
3233		171		0		186
3234		172		0		190
3235		170		0		188
3236		167		0		186
3237		166		0		186
3238		165		0		187
3239		166		0		186
3240		166		0		185
3241		173		0		189
3242		170		0		183
3243		174		0		185
3244		168		0		186
3245		164		0		185
3246		168		0		186
3247		167		0		187
3248		173		0		186
3249		170		0		186
3250		164		0		185
3251		167		0		187
3252		167		0		187
3253		167		0		187
3254		167		0		188
3255		170		0		184
3256		166		0		183
3257		168		0		183
3258		174		0		187
3259		170		0		186
3260		170		0		185
3261		169		0		186
3262		170		0		185
3263		173		0		185
3264		175		0		185
3265		171		0		183
3266		173		0		185
3267		170		0		186
3268		169		0		188
3269		170		0		189
3270		168		0		184
3271		171		0		183
3272		176		0		189
3273		167		0		186
3274		168		0		187
3275		171		0		184
3276		169		0		184
3277		170		0		187
3278		174		0		189
3279		172		0		188
3280		172		0		186
3281		175		0		188
3282		173		0		187
3283		177		0		189
3284		168		0		186
3285		167		0		188
3286		166		0		186
3287		165		0		183
3288		167		0		185
3289		168		0		186
3290		168		0		186
3291		170		0		186
3292		172		0		185
3293		168		0		186
3294		166		0		186
3295		168		0		184
3296		166		0		185
3297		167		0		187
3298		169		0		189
3299		173		0		191
3300		172		0		186
3301		172		0		189
3302		167		0		187
3303		166		0		185
3304		168		0		186
3305		170		0		184
3306		164		0		185
3307		170		0		184
3308		169		0		186
3309		169		0		185
3310		172		0		188
3311		165		0		183
3312		165		0		183
3313		166		0		186
3314		169		0		186
3315		166		0		186
3316		166		0		187
3317		170		0		187
3318		165		0		185
3319		166		0		185
3320		166		0		185
3321		172		0		186
3322		173		0		187
3323		168		0		187
3324		167		0		187
3325		169		0		188
3326		173		0		185
3327		166		0		188
3328		166		0		188
3329		167		0		187
3330		167		0		187
3331		165		0		185
3332		168		0		188
3333		164		0		187
3334		170		0		187
3335		171		0		186
3336		175		0		184
3337		168		0		184
3338		167		0		187
3339		169		0		185
3340		168		0		184
3341		167		0		187
3342		169		0		188
3343		169		0		184
3344		168		0		187
3345		172		0		185
3346		173		0		185
3347		172		0		184
3348		175		0		185
3349		165		0		183
3350		164		0		186
3351		164		0		186
3352		167		0		185
3353		169		0		185
3354		165		0		185
3355		165		0		185
3356		165		0		183
3357		163		0		184
3358		168		0		188
3359		166		0		187
3360		168		0		188
3361		168		0		186
3362		167		0		184
3363		168		0		186
3364		171		0		186
3365		163		0		184
3366		163		0		184
3367		168		0		187
3368		174		0		184
3369		173		0		186
3370		174		0		187
3371		173		0		183
3372		168		0		183
3373		167		0		184
3374		168		0		184
3375		169		0		184
3376		165		0		184
3377		163		0		182
3378		163		0		182
3379		163		0		182
3380		168		0		186
3381		167		0		184
3382		167		0		183
3383		166		0		185
3384		170		0		187
3385		171		0		183
3386		168		0		185
3387		168		0		186
3388		166		0		184
3389		164		0		181
3390		164		0		181
3391		165		0		183
3392		171		0		183
3393		166		0		182
3394		168		0		182
3395		168		0		182
3396		168		0		184
3397		166		0		186
3398		172		0		185
3399		168		0		186
3400		168		0		184
3401		166		0		182
3402		166		0		181
3403		165		0		183
3404		167		0		185
3405		166		0		181
3406		165		0		183
3407		163		0		182
3408		166		0		185
3409		170		0		186
3410		167		0		184
3411		164		0		184
3412		167		0		184
3413		167		0		185
3414		173		0		186
3415		165		0		184
3416		170		0		184
3417		173		0		185
3418		172		0		184
3419		173		0		184
3420		171		0		183
3421		167		0		184
3422		171		0		185
3423		170		0		183
3424		169		0		183
3425		167		0		186
3426		164		0		185
3427		167		0		185
3428		167		0		184
3429		169		0		182
3430		167		0		183
3431		169		0		184
3432		167		0		184
3433		167		0		184
3434		175		0		189
3435		169		0		183
3436		167		0		180
3437		169		0		185
3438		174		0		185
3439		171		0		188
3440		170		0		189
3441		167		0		187
3442		167		0		184
3443		168		0		186
3444		165		0		182
3445		165		0		184
3446		165		0		184
3447		165		0		184
3448		169		0		183
3449		170		0		185
3450		170		0		182
3451		172		0		181
3452		170		0		185
3453		172		0		187
3454		170		0		183
3455		168		0		185
3456		171		0		185
3457		168		0		187
3458		165		0		184
3459		171		0		186
3460		169		0		185
3461		170		0		182
3462		176		0		183
3463		174		0		186
3464		171		0		183
3465		167		0		183
3466		169		0		184
3467		173		0		186
3468		172		0		183
3469		178		0		185
3470		178		0		187
3471		175		0		185
3472		175		0		186
3473		180		0		182
3474		169		0		185
3475		166		0		182
3476		165		0		182
3477		164		0		183
3478		163		0		181
3479		166		0		184
3480		173		0		186
3481		168		0		185
3482		171		0		181
3483		168		0		182
3484		167		0		183
3485		171		0		182
3486		163		0		182
3487		165		0		183
3488		167		0		183
3489		175		0		184
3490		171		0		183
3491		172		0		185
3492		172		0		182
3493		170		0		184
3494		169		0		183
3495		172		0		186
3496		171		0		183
3497		165		0		185
3498		163		0		183
3499		167		0		182
3500		169		0		182
3501		167		0		183
3502		169		0		186
3503		174		0		189
3504		173		0		186
3505		167		0		185
3506		177		0		185
3507		180		0		187
3508		173		0		182
3509		166		0		182
3510		177		0		187
3511		180		0		187
3512		181		0		185
3513		173		0		186
3514		173		0		187
3515		171		0		185
3516		174		0		184
3517		165		0		183
3518		171		0		186
3519		169		0		185
3520		175		0		185
3521		165		0		183
3522		171		0		185
3523		173		0		186
3524		175		0		183
3525		172		0		184
3526		170		0		186
3527		168		0		184
3528		174		0		186
3529		165		0		184
3530		165		0		184
3531		170		0		186
3532		177		0		183
3533		174		0		185
3534		173		0		184
3535		173		0		187
3536		169		0		183
3537		167		0		184
3538		172		0		185
3539		179		0		187
3540		172		0		186
3541		177		0		183
3542		176		0		184
3543		170		0		184
3544		170		0		181
3545		172		0		185
3546		167		0		182
3547		165		0		186
3548		166		0		184
3549		167		0		184
3550		166		0		187
3551		165		0		185
3552		175		0		185
3553		173		0		183
3554		172		0		185
3555		177		0		185
3556		171		0		185
3557		173		0		185
3558		183		0		185
3559		175		0		184
3560		178		0		185
3561		173		0		186
3562		173		0		185
3563		171		0		187
3564		168		0		186
3565		177		0		186
3566		169		0		185
3567		169		0		184
3568		172		0		183
3569		174		0		188
3570		173		0		181
3571		171		0		183
3572		171		0		185
3573		169		0		184
3574		168		0		188
3575		172		0		187
3576		175		0		184
3577		169		0		186
3578		171		0		183
3579		172		0		186
3580		175		0		182
3581		174		0		183
3582		167		0		183
3583		172		0		187
3584		167		0		188
3585		166		0		189
3586		165		0		186
3587		171		0		183
3588		159		0		183
3589		159		0		185
3590		165		0		183
3591		169		0		184
3592		163		0		185
3593		163		0		186
3594		156		0		184
3595		156		0		184
3596		158		0		187
3597		158		0		186
3598		164		0		189
3599		164		0		185
3600		161		0		188
3601		165		0		186
3602		162		0		184
3603		157		0		185
3604		160		0		186
3605		154		0		184
3606		157		0		186
3607		156		0		183
3608		156		0		185
3609		158		0		186
3610		157		0		187
3611		157		0		187
3612		163		0		184
3613		161		0		185
3614		167		0		190
3615		167		0		186
3616		166		0		188
3617		158		0		187
3618		159		0		185
3619		161		0		185
3620		167		0		183
3621		167		0		188
3622		167		0		188
3623		159		0		185
3624		158		0		186
3625		164		0		187
3626		167		0		186
3627		163		0		185
3628		158		0		185
3629		161		0		188
3630		161		0		186
3631		165		0		188
3632		161		0		183
3633		160		0		185
3634		155		0		186
3635		154		0		185
3636		154		0		185
3637		157		0		183
3638		167		0		188
3639		161		0		191
3640		159		0		187
3641		162		0		186
3642		162		0		187
3643		167		0		187
3644		155		0		184
3645		158		0		188
3646		160		0		185
3647		160		0		186
3648		164		0		185
3649		170		0		184
3650		158		0		185
3651		164		0		187
3652		158		0		188
3653		164		0		186
3654		165		0		186
3655		160		0		186
3656		159		0		186
3657		160		0		190
3658		162		0		188
3659		159		0		185
3660		157		0		187
3661		158		0		187
3662		159		0		187
3663		159		0		188
3664		161		0		186
3665		159		0		185
3666		161		0		184
3667		167		0		186
3668		162		0		186
3669		161		0		185
3670		160		0		186
3671		158		0		186
3672		158		0		188
3673		158		0		186
3674		166		0		186
3675		163		0		185
3676		163		0		186
3677		158		0		186
3678		158		0		186
3679		162		0		187
3680		160		0		188
3681		159		0		187
3682		163		0		186
3683		163		0		185
3684		161		0		184
3685		165		0		185
3686		169		0		185
3687		161		0		186
3688		159		0		187
3689		162		0		186
3690		164		0		187
3691		160		0		187
3692		161		0		187
3693		159		0		187
3694		161		0		185
3695		159		0		187
3696		161		0		186
3697		163		0		186
3698		166		0		187
3699		162		0		187
3700		166		0		190
3701		158		0		188
3702		157		0		186
3703		157		0		189
3704		159		0		188
3705		158		0		187
3706		158		0		186
3707		160		0		186
3708		152		0		185
3709		151		0		186
3710		149		0		187
3711		151		0		187
3712		154		0		186
3713		156		0		186
3714		156		0		188
3715		151		0		186
3716		159		0		186
3717		166		0		188
3718		160		0		184
3719		158		0		185
3720		153		0		186
3721		155		0		186
3722		161		0		182
3723		161		0		180
3724		149		0		187
3725		154		0		187
3726		154		0		184
3727		151		0		187
3728		149		0		187
3729		151		0		187
3730		149		0		186
3731		151		0		188
3732		151		0		188
3733		149		0		186
3734		155		0		187
3735		151		0		187
3736		158		0		189
3737		158		0		187
3738		157		0		183
3739		157		0		186
3740		163		0		186
3741		162		0		184
3742		155		0		184
3743		156		0		183
3744		152		0		185
3745		150		0		186
3746		152		0		186
3747		158		0		187
3748		146		0		185
3749		149		0		185
3750		146		0		185
3751		146		0		185
3752		146		0		185
3753		147		0		187
3754		142		0		184
3755		142		0		184
3756		142		0		184
3757		142		0		184
3758		144		0		186
3759		142		0		184
3760		144		0		184
3761		146		0		185
3762		146		0		186
3763		148		0		183
3764		144		0		184
3765		144		0		185
3766		142		0		184
3767		142		0		184
3768		142		0		184
3769		146		0		185
3770		146		0		183
3771		145		0		186
3772		143		0		186
3773		143		0		186
3774		143		0		186
3775		143		0		186
3776		148		0		183
3777		148		0		183
3778		145		0		187
3779		143		0		186
3780		144		0		185
3781		142		0		184
3782		142		0		184
3783		144		0		184
3784		146		0		183
3785		144		0		184
3786		147		0		187
3787		147		0		188
3788		148		0		184
3789		149		0		185
3790		146		0		185
3791		146		0		187
3792		150		0		187
3793		150		0		186
3794		146		0		185
3795		148		0		184
3796		147		0		187
3797		144		0		186
3798		144		0		185
3799		145		0		188
3800		143		0		186
3801		145		0		188
3802		143		0		186
3803		142		0		184
3804		142		0		184
3805		144		0		184
3806		145		0		186
3807		145		0		185
3808		145		0		185
3809		147		0		185
3810		144		0		184
3811		144		0		184
3812		144		0		184
3813		146		0		185
3814		146		0		182
3815		149		0		183
3816		151		0		186
3817		156		0		188
3818		146		0		187
3819		148		0		187
3820		144		0		186
3821		144		0		186
3822		144		0		183
3823		146		0		185
3824		146		0		186
3825		146		0		184
3826		148		0		182
3827		142		0		184
3828		142		0		184
3829		142		0		184
3830		142		0		184
3831		142		0		184
3832		144		0		184
3833		148		0		182
3834		146		0		183
3835		144		0		184
3836		145		0		186
3837		147		0		185
3838		149		0		184
3839		146		0		183
3840		142		0		184
3841		144		0		185
3842		146		0		186
3843		144		0		185
3844		144		0		185
3845		145		0		187
3846		144		0		185
3847		146		0		187
3848		147		0		189
3849		144		0		186
3850		142		0		184
3851		142		0		184
3852		142		0		184
3853		148		0		187
3854		146		0		185
3855		144		0		184
3856		148		0		187
3857		149		0		189
3858		146		0		187
3859		146		0		187
3860		148		0		187
3861		144		0		185
3862		144		0		185
3863		146		0		183
3864		144		0		183
3865		144		0		183
3866		144		0		185
3867		144		0		185
3868		148		0		188
3869		148		0		186
3870		146		0		185
3871		148		0		184
3872		143		0		186
3873		147		0		187
3874		149		0		185
3875		142		0		184
3876		142		0		184
3877		142		0		184
3878		142		0		184
3879		142		0		184
3880		142		0		184
3881		143		0		186
3882		142		0		184
3883		142		0		184
3884		142		0		184
3885		142		0		184
3886		144		0		183
3887		148		0		184
3888		144		0		185
3889		142		0		184
3890		142		0		184
3891		142		0		184
3892		142		0		184
3893		144		0		186
3894		144		0		184
3895		143		0		186
3896		143		0		186
3897		143		0		186
3898		143		0		186
3899		145		0		186
3900		147		0		188
3901		145		0		186
3902		145		0		186
3903		144		0		183
3904		147		0		187
3905		143		0		186
3906		143		0		186
3907		147		0		185
3908		146		0		185
3909		147		0		187
3910		145		0		187
3911		145		0		187
3912		143		0		186
3913		143		0		186
3914		143		0		186
3915		143		0		186
3916		143		0		186
3917		145		0		186
3918		146		0		185
3919		146		0		185
3920		142		0		184
3921		142		0		184
3922		142		0		184
3923		148		0		188
3924		149		0		190
3925		147		0		186
3926		144		0		184
3927		142		0		184
3928		144		0		184
3929		142		0		184
3930		142		0		184
3931		145		0		186
3932		146		0		184
3933		148		0		185
3934		146		0		184
3935		150		0		185
3936		146		0		184
3937		146		0		184
3938		146		0		184
3939		146		0		184
3940		144		0		184
3941		143		0		184
3942		143		0		187
3943		143		0		187
3944		143		0		187
3945		145		0		188
3946		143		0		185
3947		141		0		185
3948		141		0		185
3949		143		0		187
3950		143		0		186
3951		143		0		186
3952		143		0		187
3953		144		0		186
3954		143		0		187
3955		143		0		187
3956		149		0		185
3957		152		0		184
3958		146		0		184
3959		145		0		183
3960		148		0		185
3961		148		0		185
3962		148		0		185
3963		150		0		187
3964		149		0		185
3965		145		0		183
3966		145		0		183
3967		143		0		184
3968		145		0		186
3969		141		0		185
3970		141		0		185
3971		141		0		185
3972		141		0		185
3973		143		0		187
3974		141		0		185
3975		141		0		185
3976		141		0		185
3977		141		0		185
3978		141		0		185
3979		141		0		185
3980		143		0		186
3981		141		0		185
3982		143		0		186
3983		145		0		186
3984		143		0		186
3985		143		0		186
3986		143		0		186
3987		143		0		185
3988		145		0		186
3989		141		0		185
3990		143		0		187
3991		143		0		186
3992		145		0		185
3993		143		0		184
3994		141		0		185
3995		141		0		185
3996		143		0		186
3997		149		0		185
3998		149		0		185
3999		151		0		185
4000		145		0		187
4001		149		0		188
4002		148		0		184
4003		151		0		188
4004		147		0		189
4005		148		0		188
4006		149		0		186
4007		145		0		187
4008		143		0		187
4009		147		0		185
4010		143		0		187
4011		141		0		186
4012		141		0		186
4013		145		0		185
4014		147		0		187
4015		148		0		186
4016		154		0		185
4017		149		0		185
4018		151		0		185
4019		154		0		185
4020		152		0		188
4021		141		0		186
4022		144		0		185
4023		145		0		186
4024		145		0		185
4025		145		0		187
4026		151		0		186
4027		147		0		184
4028		149		0		185
4029		150		0		187
4030		150		0		188
4031		153		0		189
4032		149		0		187
4033		147		0		186
4034		145		0		186
4035		145		0		186
4036		143		0		186
4037		141		0		186
4038		143		0		186
4039		146		0		184
4040		145		0		186
4041		144		0		185
4042		145		0		186
4043		143		0		186
4044		149		0		188
4045		145		0		188
4046		141		0		186
4047		143		0		187
4048		143		0		187
4049		143		0		187
4050		145		0		185
4051		143		0		188
4052		143		0		188
4053		141		0		186
4054		144		0		186
4055		145		0		184
4056		142		0		186
4057		146		0		185
4058		153		0		184
4059		150		0		187
4060		153		0		189
4061		151		0		188
4062		154		0		188
4063		156		0		189
4064		160		0		187
4065		154		0		189
4066		161		0		186
4067		158		0		187
4068		158		0		188
4069		171		0		189
4070		163		0		186
4071		161		0		184
4072		161		0		189
4073		155		0		189
4074		157		0		187
4075		155		0		186
4076		154		0		183
4077		151		0		183
4078		161		0		185
4079		158		0		185
4080		146		0		188
4081		148		0		186
4082		150		0		185
4083		148		0		188
4084		150		0		187
4085		151		0		183
4086		153		0		188
4087		156		0		190
4088		161		0		187
4089		147		0		187
4090		147		0		187
4091		145		0		187
4092		148		0		188
4093		145		0		187
4094		149		0		186
4095		154		0		186
4096		158		0		190
4097		162		0		189
4098		171		0		190
4099		157		0		188
4100		157		0		189
4101		157		0		190
4102		159		0		188
4103		159		0		186
4104		153		0		187
4105		155		0		189
4106		156		0		187
4107		160		0		186
4108		156		0		186
4109		148		0		187
4110		148		0		187
4111		148		0		188
4112		152		0		185
4113		153		0		185
4114		158		0		186
4115		154		0		186
4116		153		0		184
4117		154		0		186
4118		158		0		187
4119		151		0		187
4120		149		0		185
4121		150		0		188
4122		149		0		185
4123		147		0		186
4124		146		0		185
4125		146		0		187
4126		154		0		186
4127		149		0		183
4128		144		0		185
4129		148		0		187
4130		150		0		190
4131		147		0		189
4132		148		0		189
4133		155		0		187
4134		151		0		187
4135		151		0		186
4136		150		0		184
4137		149		0		189
4138		152		0		186
4139		153		0		189
4140		153		0		188
4141		155		0		188
4142		155		0		189
4143		154		0		186
4144		156		0		183
4145		159		0		184
4146		153		0		188
4147		153		0		187
4148		156		0		186
4149		155		0		188
4150		158		0		189
4151		160		0		186
4152		153		0		188
4153		151		0		185
4154		152		0		186
4155		153		0		185
4156		151		0		188
4157		150		0		189
4158		151		0		185
4159		153		0		183
4160		153		0		182
4161		153		0		186
4162		153		0		186
4163		152		0		186
4164		153		0		187
4165		152		0		188
4166		151		0		187
4167		152		0		188
4168		153		0		186
4169		153		0		187
4170		153		0		189
4171		149		0		187
4172		149		0		185
4173		149		0		185
4174		149		0		188
4175		152		0		188
4176		150		0		185
4177		151		0		186
4178		150		0		185
4179		150		0		186
4180		149		0		187
4181		153		0		190
4182		150		0		191
4183		154		0		185
4184		153		0		187
4185		156		0		185
4186		152		0		187
4187		149		0		185
4188		151		0		185
4189		148		0		189
4190		151		0		185
4191		151		0		187
4192		151		0		187
4193		151		0		185
4194		149		0		188
4195		143		0		190
4196		146		0		187
4197		146		0		189
4198		142		0		188
4199		142		0		186
4200		142		0		189
4201		146		0		190
4202		148		0		188
4203		141		0		188
4204		145		0		184
4205		142		0		189
4206		138		0		187
4207		138		0		190
4208		138		0		186
4209		137		0		188
4210		135		0		188
4211		136		0		189
4212		137		0		187
4213		141		0		185
4214		142		0		186
4215		139		0		185
4216		138		0		186
4217		136		0		187
4218		130		0		186
4219		131		0		188
4220		132		0		187
4221		130		0		186
4222		132		0		187
4223		130		0		186
4224		130		0		186
4225		131		0		188
4226		130		0		186
4227		133		0		186
4228		131		0		188
4229		133		0		189
4230		129		0		187
4231		131		0		186
4232		129		0		187
4233		129		0		187
4234		131		0		188
4235		131		0		188
4236		130		0		186
4237		131		0		188
4238		129		0		187
4239		131		0		185
4240		131		0		185
4241		129		0		187
4242		129		0		187
4243		133		0		187
4244		131		0		186
4245		133		0		187
4246		137		0		184
4247		133		0		186
4248		129		0		187
4249		129		0		187
4250		129		0		187
4251		133		0		187
4252		133		0		187
4253		133		0		187
4254		135		0		188
4255		134		0		186
4256		137		0		187
4257		133		0		187
4258		131		0		186
4259		129		0		187
4260		131		0		188
4261		129		0		187
4262		131		0		188
4263		131		0		188
4264		134		0		188
4265		133		0		189
4266		131		0		188
4267		129		0		187
4268		131		0		188
4269		131		0		188
4270		133		0		186
4271		129		0		187
4272		131		0		185
4273		133		0		186
4274		133		0		186
4275		129		0		187
4276		131		0		188
4277		129		0		187
4278		129		0		187
4279		129		0		187
4280		131		0		188
4281		129		0		187
4282		129		0		187
4283		129		0		187
4284		131		0		188
4285		131		0		188
4286		131		0		188
4287		129		0		187
4288		129		0		187
4289		132		0		184
4290		131		0		185
4291		133		0		186
4292		135		0		187
4293		134		0		188
4294		132		0		187
4295		130		0		186
4296		132		0		188
4297		131		0		188
4298		131		0		188
4299		131		0		188
4300		132		0		184
4301		134		0		185
4302		134		0		188
4303		134		0		188
4304		133		0		189
4305		133		0		188
4306		133		0		189
4307		131		0		188
4308		129		0		187
4309		129		0		187
4310		131		0		185
4311		131		0		185
4312		131		0		186
4313		131		0		186
4314		133		0		187
4315		131		0		188
4316		131		0		186
4317		135		0		186
4318		131		0		185
4319		130		0		186
4320		130		0		186
4321		131		0		188
4322		131		0		188
4323		129		0		187
4324		131		0		188
4325		135		0		187
4326		131		0		185
4327		129		0		187
4328		131		0		186
4329		133		0		189
4330		131		0		186
4331		133		0		185
4332		131		0		186
4333		129		0		187
4334		131		0		186
4335		129		0		187
4336		131		0		185
4337		131		0		188
4338		132		0		187
4339		132		0		187
4340		134		0		186
4341		132		0		185
4342		131		0		186
4343		132		0		185
4344		130		0		186
4345		131		0		188
4346		131		0		188
4347		129		0		187
4348		129		0		187
4349		129		0		187
4350		132		0		187
4351		130		0		186
4352		130		0		186
4353		130		0		186
4354		130		0		186
4355		130		0		186
4356		130		0		186
4357		131		0		188
4358		129		0		187
4359		133		0		189
4360		137		0		190
4361		132		0		187
4362		129		0		187
4363		130		0		186
4364		130		0		186
4365		129		0		187
4366		129		0		187
4367		129		0		187
4368		129		0		187
4369		129		0		187
4370		130		0		186
4371		132		0		188
4372		130		0		186
4373		132		0		184
4374		130		0		186
4375		131		0		185
4376		131		0		188
4377		131		0		188
4378		131		0		188
4379		133		0		187
4380		135		0		188
4381		137		0		187
4382		133		0		189
4383		129		0		187
4384		129		0		187
4385		129		0		187
4386		129		0		187
4387		131		0		186
4388		131		0		186
4389		133		0		187
4390		133		0		187
4391		133		0		187
4392		130		0		186
4393		131		0		186
4394		133		0		189
4395		133		0		187
4396		131		0		188
4397		137		0		185
4398		134		0		186
4399		131		0		188
4400		131		0		185
4401		134		0		185
4402		130		0		186
4403		132		0		187
4404		132		0		187
4405		130		0		186
4406		130		0		186
4407		129		0		187
4408		129		0		187
4409		129		0		187
4410		130		0		186
4411		133		0		187
4412		139		0		187
4413		136		0		187
4414		134		0		185
4415		135		0		187
4416		133		0		186
4417		131		0		188
4418		129		0		187
4419		131		0		188
4420		133		0		187
4421		133		0		187
4422		133		0		189
4423		131		0		188
4424		131		0		188
4425		132		0		187
4426		130		0		186
4427		130		0		186
4428		132		0		185
4429		131		0		186
4430		131		0		188
4431		133		0		186
4432		131		0		185
4433		133		0		186
4434		131		0		185
4435		133		0		186
4436		135		0		187
4437		131		0		188
4438		131		0		188
4439		133		0		189
4440		131		0		188
4441		136		0		185
4442		136		0		187
4443		133		0		187
4444		132		0		185
4445		131		0		186
4446		131		0		186
4447		131		0		185
4448		133		0		186
4449		133		0		189
4450		133		0		189
4451		134		0		186
4452		131		0		188
4453		130		0		186
4454		130		0		186
4455		129		0		187
4456		133		0		186
4457		133		0		189
4458		129		0		187
4459		131		0		188
4460		129		0		187
4461		130		0		186
4462		131		0		188
4463		129		0		187
4464		130		0		186
4465		130		0		186
4466		129		0		187
4467		129		0		187
4468		129		0		187
4469		129		0		187
4470		129		0		187
4471		133		0		186
4472		135		0		187
4473		135		0		187
4474		134		0		188
4475		132		0		187
4476		134		0		186
4477		136		0		187
4478		136		0		185
4479		131		0		186
4480		131		0		186
4481		131		0		186
4482		131		0		186
4483		131		0		186
4484		129		0		187
4485		129		0		187
4486		131		0		188
4487		132		0		187
4488		132		0		187
4489		129		0		187
4490		129		0		187
4491		131		0		186
4492		131		0		186
4493		132		0		185
4494		132		0		185
4495		136		0		187
4496		132		0		187
4497		130		0		186
4498		130		0		186
4499		129		0		187
4500		129		0		187
4501		131		0		185
4502		133		0		187
4503		131		0		186
4504		132		0		185
4505		131		0		186
4506		133		0		185
4507		130		0		186
4508		131		0		188
4509		129		0		187
4510		131		0		188
4511		133		0		189
4512		132		0		187
4513		130		0		186
4514		130		0		186
4515		132		0		185
4516		132		0		185
4517		132		0		187
4518		134		0		188
4519		134		0		189
4520		133		0		186
4521		133		0		186
4522		129		0		187
4523		129		0		187
4524		129		0		187
4525		131		0		188
4526		129		0		187
4527		133		0		186
4528		129		0		187
4529		131		0		185
4530		131		0		188
4531		133		0		186
4532		131		0		185
4533		130		0		186
4534		133		0		186
4535		132		0		184
4536		130		0		186
4537		130		0		186
4538		130		0		186
4539		129		0		187
4540		133		0		189
4541		135		0		188
4542		129		0		187
4543		129		0		187
4544		129		0		187
4545		129		0		187
4546		131		0		186
4547		129		0		187
4548		129		0		187
4549		131		0		188
4550		129		0		187
4551		129		0		187
4552		129		0		187
4553		129		0		187
4554		130		0		186
4555		130		0		186
4556		130		0		186
4557		135		0		185
4558		135		0		185
4559		135		0		187
4560		133		0		186
4561		131		0		188
4562		131		0		188
4563		129		0		187
4564		129		0		187
4565		129		0		187
4566		132		0		187
4567		131		0		188
4568		131		0		188
4569		129		0		187
4570		130		0		186
4571		130		0		186
4572		131		0		185
4573		129		0		187
4574		131		0		188
4575		131		0		188
4576		131		0		188
4577		134		0		186
4578		133		0		186
4579		129		0		187
4580		131		0		188
4581		132		0		187
4582		133		0		186
4583		131		0		185
4584		131		0		188
4585		132		0		187
4586		132		0		187
4587		132		0		187
4588		130		0		186
4589		131		0		188
4590		132		0		187
4591		132		0		187
4592		130		0		186
4593		133		0		187
4594		133		0		187
4595		131		0		188
4596		131		0		188
4597		133		0		189
4598		136		0		186
4599		132		0		187
4600		132		0		187
4601		136		0		189
4602		132		0		187
4603		138		0		186
4604		136		0		187
4605		134		0		185
4606		133		0		187
4607		131		0		188
4608		133		0		186
4609		133		0		186
4610		141		0		186
4611		139		0		184
4612		141		0		184
4613		133		0		186
4614		129		0		187
4615		131		0		185
4616		131		0		185
4617		131		0		188
4618		133		0		186
4619		133		0		189
4620		135		0		187
4621		133		0		189
4622		133		0		189
4623		131		0		186
4624		129		0		187
4625		129		0		187
4626		131		0		188
4627		131		0		186
4628		131		0		188
4629		131		0		185
4630		131		0		188
4631		135		0		185
4632		131		0		188
4633		131		0		188
4634		133		0		187
4635		131		0		188
4636		133		0		187
4637		132		0		185
4638		131		0		185
4639		129		0		187
4640		131		0		186
4641		131		0		186
4642		131		0		186
4643		129		0		187
4644		129		0		187
4645		129		0		187
4646		129		0		187
4647		131		0		186
4648		131		0		185
4649		129		0		187
4650		130		0		186
4651		129		0		187
4652		131		0		186
4653		134		0		183
4654		133		0		187
4655		131		0		186
4656		135		0		185
4657		129		0		187
4658		131		0		188
4659		135		0		186
4660		133		0		187
4661		131		0		186
4662		131		0		186
4663		129		0		187
4664		131		0		186
4665		131		0		185
4666		131		0		185
4667		131		0		185
4668		129		0		187
4669		129		0		187
4670		133		0		186
4671		135		0		186
4672		131		0		186
4673		131		0		188
4674		130		0		186
4675		130		0		186
4676		131		0		186
4677		131		0		186
4678		133		0		184
4679		133		0		184
4680		137		0		186
4681		135		0		183
4682		131		0		185
4683		129		0		187
4684		131		0		185
4685		131		0		188
4686		131		0		188
4687		129		0		187
4688		135		0		189
4689		133		0		187
4690		133		0		187
4691		129		0		187
4692		132		0		187
4693		132		0		187
4694		132		0		187
4695		131		0		188
4696		129		0		187
4697		131		0		186
4698		129		0		187
4699		131		0		186
4700		131		0		186
4701		129		0		187
4702		131		0		185
4703		133		0		186
4704		135		0		187
4705		133		0		186
4706		130		0		186
4707		129		0		187
4708		133		0		184
4709		133		0		184
4710		134		0		183
4711		132		0		185
4712		133		0		187
4713		129		0		187
4714		135		0		187
4715		133		0		187
4716		133		0		187
4717		132		0		185
4718		134		0		186
4719		136		0		189
4720		138		0		186
4721		138		0		186
4722		130		0		186
4723		132		0		184
4724		130		0		186
4725		129		0		187
4726		129		0		187
4727		132		0		185
4728		130		0		185
4729		130		0		187
4730		128		0		186
4731		128		0		186
4732		128		0		186
4733		128		0		186
4734		128		0		186
4735		128		0		186
4736		130		0		187
4737		130		0		187
4738		130		0		187
4739		130		0		187
4740		132		0		186
4741		128		0		186
4742		128		0		186
4743		130		0		187
4744		128		0		186
4745		128		0		186
4746		128		0		186
4747		128		0		186
4748		128		0		186
4749		128		0		186
4750		130		0		187
4751		132		0		188
4752		130		0		187
4753		128		0		186
4754		128		0		186
4755		128		0		186
4756		128		0		186
4757		132		0		188
4758		132		0		185
4759		132		0		188
4760		128		0		186
4761		132		0		188
4762		134		0		189
4763		130		0		187
4764		130		0		187
4765		128		0		186
4766		128		0		186
4767		130		0		187
4768		132		0		188
4769		130		0		187
4770		130		0		187
4771		130		0		187
4772		132		0		187
4773		130		0		185
4774		136		0		186
4775		132		0		186
4776		134		0		185
4777		134		0		185
4778		134		0		185
4779		136		0		186
4780		132		0		186
4781		134		0		185
4782		128		0		186
4783		128		0		186
4784		130		0		187
4785		128		0		186
4786		128		0		186
4787		128		0		186
4788		130		0		187
4789		130		0		187
4790		130		0		187
4791		130		0		187
4792		132		0		188
4793		132		0		188
4794		128		0		186
4795		130		0		187
4796		128		0		186
4797		130		0		187
4798		128		0		186
4799		128		0		186
4800		130		0		185
4801		128		0		186
4802		128		0		186
4803		128		0		186
4804		128		0		186
4805		130		0		187
4806		130		0		187
4807		130		0		187
4808		128		0		186
4809		128		0		186
4810		128		0		186
4811		128		0		186
4812		132		0		188
4813		134		0		189
4814		132		0		187
4815		128		0		186
4816		128		0		186
4817		128		0		186
4818		130		0		185
4819		132		0		186
4820		128		0		186
4821		128		0		186
4822		130		0		187
4823		130		0		187
4824		132		0		188
4825		130		0		187
4826		134		0		187
4827		128		0		186
4828		128		0		186
4829		128		0		186
4830		128		0		186
4831		130		0		185
4832		128		0		186
4833		128		0		186
4834		128		0		186
4835		128		0		186
4836		128		0		186
4837		132		0		188
4838		130		0		187
4839		130		0		187
4840		132		0		188
4841		132		0		186
4842		134		0		187
4843		130		0		187
4844		130		0		187
4845		132		0		188
4846		130		0		187
4847		134		0		187
4848		132		0		188
4849		134		0		188
4850		134		0		188
4851		134		0		187
4852		136		0		186
4853		130		0		187
4854		130		0		187
4855		128		0		186
4856		128		0		186
4857		128		0		186
4858		128		0		186
4859		128		0		186
4860		128		0		186
4861		128		0		186
4862		128		0		186
4863		128		0		186
4864		130		0		187
4865		130		0		185
4866		130		0		185
4867		132		0		186
4868		128		0		186
4869		130		0		187
4870		128		0		186
4871		128		0		186
4872		128		0		186
4873		130		0		185
4874		130		0		185
4875		136		0		183
4876		136		0		187
4877		134		0		185
4878		134		0		185
4879		128		0		186
4880		128		0		186
4881		128		0		186
4882		128		0		186
4883		128		0		186
4884		130		0		187
4885		130		0		187
4886		134		0		187
4887		128		0		186
4888		130		0		187
4889		128		0		186
4890		128		0		186
4891		128		0		186
4892		128		0		186
4893		130		0		187
4894		130		0		187
4895		130		0		187
4896		130		0		187
4897		130		0		187
4898		130		0		187
4899		130		0		187
4900		130		0		187
4901		130		0		187
4902		128		0		186
4903		128		0		186
4904		128		0		186
4905		128		0		186
4906		130		0		187
4907		132		0		187
4908		132		0		187
4909		132		0		188
4910		128		0		186
4911		128		0		186
4912		128		0		186
4913		134		0		188
4914		128		0		186
4915		132		0		186
4916		128		0		186
4917		128		0		186
4918		128		0		186
4919		128		0		186
4920		130		0		185
4921		134		0		185
4922		134		0		185
4923		130		0		185
4924		128		0		186
4925		128		0		186
4926		128		0		186
4927		128		0		186
4928		130		0		187
4929		132		0		187
4930		136		0		184
4931		136		0		187
4932		136		0		188
4933		128		0		186
4934		128		0		186
4935		130		0		186
4936		130		0		186
4937		132		0		187
4938		130		0		187
4939		130		0		187
4940		130		0		187
4941		130		0		187
4942		132		0		188
4943		130		0		187
4944		130		0		187
4945		128		0		186
4946		128		0		186
4947		130		0		187
4948		130		0		187
4949		132		0		185
4950		128		0		186
4951		128		0		186
4952		130		0		187
4953		132		0		187
4954		132		0		187
4955		128		0		186
4956		128		0		186
4957		132		0		187
4958		130		0		186
4959		128		0		186
4960		130		0		187
4961		130		0		187
4962		130		0		187
4963		132		0		186
4964		132		0		188
4965		130		0		187
4966		132		0		187
4967		130		0		185
4968		130		0		185
4969		128		0		186
4970		128		0		186
4971		128		0		186
4972		132		0		188
4973		130		0		187
4974		128		0		186
4975		130		0		185
4976		130		0		186
4977		128		0		186
4978		128		0		186
4979		132		0		186
4980		130		0		185
4981		128		0		186
4982		128		0		186
4983		130		0		185
4984		130		0		185
4985		132		0		185
4986		130		0		187
4987		130		0		187
4988		130		0		185
4989		130		0		185
4990		130		0		185
4991		130		0		185
4992		132		0		186
4993		128		0		186
4994		130		0		186
4995		136		0		188
4996		136		0		187
4997		134		0		187
4998		132		0		188
4999		132		0		185
